5.787721518987341369e+03 2.523784810126582215e+03 5.899127988748241478e+02 1.270872011251758096e+02 4.132208157524613057e+02 8.666947960618846309e+02 2.123445850914205266e+02 6.035161744022503605e+00 6.033755274261602963e-01 2.107369901547116626e+02 1.325035161744022538e+01 3.783403656821378580e-01 9.282700421940928703e-02 1.265822784810126563e-02 1.265822784810126563e-02 4.739803094233474012e-01 7.032348804500702932e-03 4.781997187060477855e-02 1.547116736990154784e-02 2.725175808720112514e+01 1.659634317862165975e+00 3.417721518987341667e-01 1.237693389592123827e-01 2.587904360056259012e-01 7.032348804500702932e-02 1.911392405063291111e+00 3.909985935302390803e-01 8.438818565400843519e-02 1.060478199718706049e+00 7.787623066104078617e+00 1.513361462728551432e+00 6.991561181434598815e+00 1.250773558368495131e+01 2.180028129395218117e-01 5.541490857946553827e-01 1.386779184247538765e+00 8.530239099859352692e+00 6.607594936708860445e+00 8.983122362869197630e+00 5.624472573839662815e+00 3.433192686357243417e+01 2.860759493670886222e+00 4.064697609001406420e+00 1.732770745428973358e+00 7.538677918424754321e-01 2.812939521800281173e-01 5.868776371308016593e+01 3.842475386779184099e+00 3.424753867791842321e+00 6.832630098452883161e+00 3.265682137834036780e+01 1.683544303797468444e+00 2.251758087201125136e+00 2.657609001406469815e+02 2.137834036568213858e-01 2.508157524613220701e+01 1.412279887482419099e+03 2.284106891701828346e+00 1.627848101265822933e+01 2.999704641350210750e+02 4.613220815752461235e-01 2.956821378340365669e+01 2.962025316455696000e+00 3.656821378340365802e-01 1.874824191279887531e+00 6.874824191279887309e+00 4.078762306610407562e-02 1.472573839662447259e+00 2.164275668073136316e+01 2.672292545710267322e-02 0.000000000000000000e+00 1.406469760900140673e-03 2.812939521800281346e-03 1.296765119549929679e+00 2.642756680731364494e+00 1.237693389592123827e-01 1.195499296765119568e-01 7.594936708860759722e-02 0.000000000000000000e+00 0.000000000000000000e+00 0.000000000000000000e+00 0.000000000000000000e+00 0.000000000000000000e+00 1.406469760900140673e-03 4.511954992967651457e+00 2.521800281293952395e+00 4.641350210970464074e-01 9.563994374120955710e-02 0.000000000000000000e+00 0.000000000000000000e+00 0.000000000000000000e+00 0.000000000000000000e+00 0.000000000000000000e+00 0.000000000000000000e+00 9.142053445850914506e-02 1.561181434599156204e-01 8.438818565400843172e-03 1.406469760900140586e-02 2.390998593530238928e-02 9.704641350210969908e-02 1.167369901547116728e-01 2.419127988748241975e-01 2.925457102672292531e-01 2.953586497890295370e-02 1.026722925457102670e-01 1.969057665260197029e-02 0.000000000000000000e+00 2.812939521800281346e-03 0.000000000000000000e+00 0.000000000000000000e+00 2.953586497890295370e-02 9.845288326300985146e-03 1.406469760900140673e-03 0.000000000000000000e+00 8.579465541490857716e-02 0.000000000000000000e+00 1.406469760900140673e-03 2.953586497890295370e-02 0.000000000000000000e+00 4.219409282700421586e-03 1.125175808720112539e-02 5.049226441631504692e-01 3.243319268635724395e+00 2.503516174402250494e-01 1.125175808720112539e-02 1.074542897327707358e+00 1.687763713080168634e-02 0.000000000000000000e+00 1.772151898734177222e-01
2.523784810126582215e+03 6.301618846694796048e+03 8.343755274261603745e+02 2.761772151898734364e+02 7.171744022503515907e+02 9.611673699015470618e+01 6.167369901547116839e+00 2.953586497890295370e-02 7.102672292545709753e-01 6.383614627285513734e+02 7.400843881856539852e+00 1.533052039381153364e-01 0.000000000000000000e+00 1.406469760900140673e-03 2.812939521800281346e-03 1.828410689170182832e-02 4.219409282700421586e-03 4.781997187060477855e-02 0.000000000000000000e+00 2.039381153305203920e-01 7.876230661040788117e-02 1.406469760900140673e-03 5.625879043600562693e-03 5.907172995780590741e-02 4.641350210970464352e-02 3.684950773558368642e-01 1.912798874824191142e-01 4.922644163150492053e-02 5.963431786216596420e-01 3.511954992967651012e+00 1.144866385372714568e+00 4.039381153305203753e+00 5.488045007032348543e+00 2.390998593530238928e-02 7.594936708860759722e-02 8.298171589310829876e-01 4.082981715893108543e+00 4.071729957805906963e+00 4.447257383966245037e+00 4.645569620253164445e+00 1.653727144866385501e+01 2.202531645569620444e+00 1.362869198312236296e+00 1.398030942334739901e+00 1.587904360056258790e+00 1.969057665260197029e-02 1.446694796061884603e+01 2.524613220815752346e+00 3.112517580872011358e+00 4.755274261603375408e+00 2.304641350210970430e+01 1.829817158931082988e+00 1.392405063291139333e+00 8.708579465541491516e+01 7.172995780590717130e-02 4.960618846694796247e+00 7.758227848101266488e+01 4.067510548523206815e+00 9.549226441631505224e+01 4.266090014064697584e+02 7.243319268635723951e-01 1.959493670886076089e+01 1.254571026722925531e+00 1.701828410689170124e-01 5.175808720112518024e-01 5.473980309423347457e+00 2.419127988748241975e-01 2.670886075949367111e+00 2.476230661040787595e+01 1.406469760900140586e-02 2.812939521800281346e-03 7.032348804500702932e-03 9.282700421940928703e-02 2.281293952180027951e+00 5.310829817158930766e+00 4.247538677918424876e-01 8.157524613220815124e-02 1.125175808720112539e-02 0.000000000000000000e+00 4.219409282700421586e-03 0.000000000000000000e+00 0.000000000000000000e+00 0.000000000000000000e+00 1.406469760900140673e-03 1.877637130801687704e+00 2.616033755274261852e-01 5.035161744022503827e-01 8.157524613220815124e-02 0.000000000000000000e+00 0.000000000000000000e+00 0.000000000000000000e+00 0.000000000000000000e+00 0.000000000000000000e+00 0.000000000000000000e+00 1.687763713080168634e-02 8.016877637130802314e-02 8.438818565400843172e-03 0.000000000000000000e+00 5.766526019690576543e-02 6.666666666666666297e-01 4.641350210970464352e-02 6.329113924050633333e-02 8.016877637130802314e-02 9.845288326300985146e-03 8.438818565400843172e-03 7.032348804500702932e-03 0.000000000000000000e+00 1.406469760900140673e-03 0.000000000000000000e+00 0.000000000000000000e+00 9.845288326300985146e-03 2.250351617440225077e-02 0.000000000000000000e+00 3.797468354430379861e-02 5.766526019690576543e-02 3.656821378340365664e-02 0.000000000000000000e+00 8.438818565400843172e-03 0.000000000000000000e+00 1.406469760900140673e-03 7.032348804500702932e-03 8.579465541490857716e-02 3.818565400843882074e+00 6.188466947960619136e-02 0.000000000000000000e+00 1.255977496483825506e+00 5.625879043600562693e-03 0.000000000000000000e+00 1.378340365682137747e-01
5.899127988748241478e+02 8.343755274261603745e+02 3.257047819971870467e+03 1.056821378340365669e+02 4.419268635724331773e+01 2.389592123769339160e+00 9.325471167369901195e+02 3.377777777777777857e+01 3.916736990154711862e+01 1.195320675105485179e+03 1.535232067510548575e+02 3.860759493670886222e+00 7.172995780590717407e-01 3.488045007032348765e-01 8.706047819971870494e-01 3.994374120956399654e+00 1.940928270042193982e-01 1.420534458509142006e-01 8.438818565400843172e-03 9.845288326300984105e-02 1.547116736990154784e-01 1.406469760900140673e-03 6.329113924050633333e-02 2.153305203938115309e+00 9.774964838255977284e-01 2.804500703234880543e+00 3.414908579465541383e+00 3.642756680731364383e-01 1.180028129395217951e+00 3.929676511954992790e+00 2.120956399437412099e+00 1.651195499296765012e+00 6.088607594936708445e+00 2.264416315049226358e-01 4.261603375527426296e-01 7.609001406469760864e-01 5.236286919831223408e+00 2.638537271448663901e+00 6.390998593530238914e+00 3.950773558368494864e+00 1.824613220815752612e+01 4.722925457102672198e+00 4.769338959212376494e+00 2.345991561181434815e+00 1.987341772151898667e+00 3.797468354430379861e-02 4.670886075949367111e+00 3.329113924050632889e+00 1.929676511954993012e+00 3.371308016877637037e+00 2.104641350210970430e+01 3.220815752461322345e-01 3.040787623066103951e+00 3.581153305203937975e+01 2.517580872011251913e-01 3.275105485232067792e+01 4.355583684950773318e+02 7.487482419127988464e+01 7.944022503516174538e+01 1.046329113924050716e+03 1.163291139240506311e+01 5.471167369901547284e-01 3.403656821378340247e+00 2.728551336146272654e-01 7.454289732770745525e-02 5.400843881856539630e-01 1.521800281293952173e+00 6.132208157524613457e-01 9.620253164556962222e-01 4.922644163150492053e-02 2.812939521800281346e-03 1.265822784810126563e-02 6.104078762306610617e-01 8.184247538677919209e+00 2.226441631504922469e+00 7.623066104078762839e-01 3.516174402250351466e-02 8.438818565400843172e-03 0.000000000000000000e+00 0.000000000000000000e+00 0.000000000000000000e+00 0.000000000000000000e+00 0.000000000000000000e+00 0.000000000000000000e+00 1.434599156118143426e-01 2.812939521800281346e-03 1.406469760900140673e-03 0.000000000000000000e+00 0.000000000000000000e+00 0.000000000000000000e+00 0.000000000000000000e+00 0.000000000000000000e+00 0.000000000000000000e+00 1.026722925457102670e-01 7.876230661040788117e-02 1.251758087201125247e-01 1.406469760900140673e-03 2.812939521800281346e-03 3.516174402250351466e-02 4.219409282700421759e-02 8.579465541490857716e-02 1.434599156118143426e-01 8.860759493670886111e-02 7.032348804500702932e-03 2.489451476793249074e-01 1.687763713080168634e-02 4.219409282700421586e-03 7.032348804500702932e-03 1.406469760900140673e-03 0.000000000000000000e+00 0.000000000000000000e+00 2.812939521800281346e-03 2.953586497890295370e-02 0.000000000000000000e+00 2.953586497890295370e-02 0.000000000000000000e+00 0.000000000000000000e+00 8.438818565400843172e-03 0.000000000000000000e+00 0.000000000000000000e+00 1.406469760900140673e-03 4.050632911392405000e-01 2.953586497890295370e-01 1.997187060478199661e-01 2.812939521800281173e-02 1.828410689170182832e-02 8.298171589310829321e-02 0.000000000000000000e+00 9.985935302390998303e-02
1.270872011251758096e+02 2.761772151898734364e+02 1.056821378340365669e+02 6.546286919831223940e+02 3.651293952180027986e+02 2.066807313642756583e+01 2.148804500703234766e+01 2.869198312236286852e-01 7.393811533052039309e+00 4.697229254571026900e+02 1.632883263009845223e+02 6.455696202531645556e-01 7.313642756680731327e-02 2.531645569620253125e-02 2.405063291139240556e-01 1.392405063291139167e-01 1.969057665260197029e-02 2.095639943741209599e-01 2.109704641350210880e-02 1.389592123769338938e+00 6.090014064697608642e-01 2.573839662447257592e-01 3.516174402250351466e-02 3.052039381153305309e-01 9.001406469760900309e-02 5.246132208157524568e-01 7.651195499296764568e-01 4.500703234880450154e-02 2.714486638537271235e-01 8.495077355836849753e-01 1.462728551336146265e-01 1.061884669479606247e+00 2.789029535864978815e+00 6.329113924050633333e-02 1.673699015471167284e-01 5.907172995780590741e-02 5.021097046413501852e-01 5.513361462728550988e-01 1.815752461322081679e+00 1.222222222222222321e+00 2.917018284106891901e+00 2.981715893108298210e-01 7.960618846694795803e-01 3.234880450070323765e-01 1.687763713080168704e-01 7.032348804500702932e-03 6.507735583684950420e+00 1.001406469760900197e+00 1.666666666666666741e+00 4.305203938115330864e+00 1.001265822784810133e+01 8.410689170182841234e-01 6.160337552742616296e-01 3.156821378340365669e+01 2.812939521800281173e-01 6.509142053445851062e+00 5.684950773558368553e+01 3.015893108298171654e+01 1.722039381153305158e+02 4.328945147679324918e+02 9.437412095639944098e+00 6.938115330520393975e+00 5.766526019690576543e-02 1.195499296765119568e-01 1.787623066104078839e+00 2.017440225035161916e+01 2.801687763713080148e+00 7.656399437412095210e+01 9.828410689170182479e+01 2.545710267229254753e-01 1.406469760900140673e-03 4.317862165963431975e-01 2.509142053445851062e+00 9.636146272855133077e+01 7.331504922644163003e+01 3.066104078762306617e+00 1.237693389592123827e-01 5.907172995780590741e-02 1.631504922644163025e-01 3.656821378340365664e-02 5.625879043600562693e-03 0.000000000000000000e+00 0.000000000000000000e+00 2.109704641350210880e-02 6.585091420534458173e+00 1.210970464135021185e+00 3.291139240506328889e-01 1.209563994374120988e-01 8.438818565400843172e-03 0.000000000000000000e+00 0.000000000000000000e+00 0.000000000000000000e+00 0.000000000000000000e+00 2.812939521800281346e-03 5.625879043600562693e-03 1.125175808720112539e-02 0.000000000000000000e+00 0.000000000000000000e+00 2.784810126582278333e-01 3.811533052039381420e-01 1.406469760900140586e-02 2.812939521800281346e-03 8.438818565400843172e-03 0.000000000000000000e+00 7.032348804500702932e-03 8.438818565400843172e-03 0.000000000000000000e+00 0.000000000000000000e+00 0.000000000000000000e+00 0.000000000000000000e+00 1.547116736990154784e-02 4.219409282700421586e-03 0.000000000000000000e+00 0.000000000000000000e+00 3.656821378340365664e-02 0.000000000000000000e+00 0.000000000000000000e+00 8.016877637130802314e-02 0.000000000000000000e+00 0.000000000000000000e+00 8.438818565400843172e-03 4.275668073136427716e-01 7.770745428973277136e+00 1.870604781997187160e-01 5.625879043600562693e-03 1.419127988748241975e+00 9.845288326300985146e-03 0.000000000000000000e+00 3.797468354430379861e-02
4.132208157524613057e+02 7.171744022503515907e+02 4.419268635724331773e+01 3.651293952180027986e+02 3.710661040787623278e+03 1.124419127988748187e+03 4.559774964838256395e+00 3.656821378340365664e-02 1.675105485232067482e+00 4.101969057665260010e+01 5.749789029535864984e+02 1.188466947960618914e+00 1.704641350210970518e+00 4.500703234880450154e-02 3.516174402250351466e-02 6.329113924050633333e-02 1.547116736990154784e-02 2.250351617440225077e-02 4.331926863572433395e-01 3.663375527426160261e+02 2.474542897327707536e+01 4.639943741209563655e+00 2.651195499296765234e+00 2.672292545710267322e-02 3.797468354430379861e-02 3.530239099859353025e-01 2.348804500703234877e-01 1.265822784810126667e-01 4.866385372714486790e-01 9.001406469760899753e-01 3.741209563994374321e-01 2.683544303797468444e+00 4.675105485232067259e+00 2.641350210970464296e+00 5.572433192686356840e+00 2.419127988748241975e-01 4.992967651195499568e-01 1.095639943741209654e+00 1.343178621659634420e+00 1.811533052039381086e+00 4.576652601969057876e+00 3.684950773558368642e-01 8.902953586497890370e-01 3.755274261603375741e-01 2.348804500703234877e-01 1.434599156118143426e-01 2.005485232067510637e+01 1.921237693389592049e+00 3.918424753867791654e+00 9.516174402250351605e+00 1.726722925457102775e+01 1.603375527426160296e+00 2.261603375527426074e+00 8.704078762306610884e+01 1.870604781997187160e-01 4.763713080168776592e+00 8.973980309423347990e+01 6.348804500703234766e+00 5.023319268635724484e+02 4.720548523206750815e+02 2.935302390998593580e+00 7.807032348804500543e+01 1.518987341772151944e-01 8.157524613220815124e-02 1.656821378340365669e+01 2.643347398030942372e+02 4.998593530239100247e+00 2.922883263009845223e+02 5.729578059071729967e+02 1.715893108298171543e-01 1.828410689170182832e-02 4.641350210970464352e-02 4.113924050632911111e+00 3.855963431786216802e+02 1.915611814345991490e+02 4.689170182841069234e+00 2.601969057665260432e-01 2.503516174402250494e-01 1.969057665260197029e-02 3.234880450070323765e-02 4.219409282700421586e-03 0.000000000000000000e+00 0.000000000000000000e+00 2.250351617440225077e-02 5.974542897327707180e+01 1.636849507735583842e+01 4.225035161744022716e+00 1.490857946554149160e+00 3.516174402250351466e-02 0.000000000000000000e+00 0.000000000000000000e+00 0.000000000000000000e+00 0.000000000000000000e+00 4.219409282700421586e-03 0.000000000000000000e+00 2.109704641350210880e-02 1.265822784810126563e-02 0.000000000000000000e+00 4.810126582278481111e-01 1.254571026722925531e+00 2.812939521800281346e-03 8.157524613220815124e-02 8.438818565400843172e-03 0.000000000000000000e+00 5.625879043600562693e-03 2.812939521800281346e-03 0.000000000000000000e+00 5.625879043600562693e-03 9.845288326300985146e-03 0.000000000000000000e+00 4.880450070323488210e-01 2.109704641350210880e-02 0.000000000000000000e+00 9.142053445850914506e-02 2.503516174402250494e-01 1.054852320675105509e-01 0.000000000000000000e+00 1.098452883263009827e+00 0.000000000000000000e+00 9.845288326300985146e-03 2.601969057665260432e-01 1.462728551336146265e-01 5.897468354430380089e+01 1.112517580872011358e+00 2.812939521800281346e-03 1.671448663853727012e+01 2.250351617440225077e-02 7.032348804500702932e-03 8.016877637130802314e-02
8.666947960618846309e+02 9.611673699015470618e+01 2.389592123769339160e+00 2.066807313642756583e+01 1.124419127988748187e+03 4.490568213783403735e+03 5.766526019690576543e-02 1.265822784810126563e-02 5.625879043600562693e-03 1.503516174402250272e+00 3.756118143459915615e+01 4.556962025316455556e-01 1.687763713080168704e-01 1.125175808720112539e-02 0.000000000000000000e+00 1.406469760900140673e-03 5.625879043600562693e-03 2.812939521800281346e-03 2.812939521800281173e-02 2.069718706047819978e+02 7.434599156118143704e+00 2.191279887482419308e+00 7.679324894514767408e-01 0.000000000000000000e+00 5.344585091420534645e-02 6.104078762306610617e-01 5.625879043600562693e-03 5.203938115330520447e-02 3.347398030942334568e-01 1.578059071729957852e+00 2.770745428973276914e-01 2.793248945147679407e+00 2.012658227848101333e+00 5.457102672292545309e-01 8.059071729957806296e-01 1.533052039381153364e-01 6.371308016877637037e-01 1.267229254571026642e+00 1.829817158931082988e+00 3.755274261603375741e-01 4.721518987341772444e+00 2.180028129395218117e-01 3.924050632911392222e-01 7.285513361462728765e-01 1.673699015471167284e-01 1.237693389592123827e-01 3.746272855133614854e+01 1.502109704641350296e+00 1.827004219409282593e+00 4.874824191279887309e+00 2.118706047819971872e+01 1.053445850914205284e+00 1.236286919831223630e+00 1.491209563994374037e+02 1.687763713080168634e-02 1.817158931082981654e+00 8.301687763713080415e+01 1.457102672292545753e+00 1.611814345991561197e+02 4.598748241912799131e+02 1.870604781997187160e-01 4.260773558368495060e+02 1.308016877637130926e-01 3.094233473980309568e-02 1.498452883263009916e+01 1.258002812939521817e+02 2.095639943741209599e-01 2.984388185654008296e+01 2.187904360056258781e+02 0.000000000000000000e+00 0.000000000000000000e+00 1.406469760900140673e-03 5.485232067510548842e-02 2.543600562587904435e+01 2.590576652601968988e+01 8.607594936708861111e-01 9.423347398030942901e-02 2.390998593530238928e-02 0.000000000000000000e+00 1.406469760900140673e-03 0.000000000000000000e+00 0.000000000000000000e+00 0.000000000000000000e+00 0.000000000000000000e+00 3.867651195499296790e+01 1.153305203938115397e+01 3.091420534458509284e+00 7.144866385372714568e-01 0.000000000000000000e+00 0.000000000000000000e+00 0.000000000000000000e+00 0.000000000000000000e+00 0.000000000000000000e+00 0.000000000000000000e+00 0.000000000000000000e+00 2.812939521800281346e-03 0.000000000000000000e+00 0.000000000000000000e+00 3.825597749648382284e-01 8.354430379746835555e-01 1.406469760900140673e-03 6.188466947960619136e-02 8.438818565400843172e-03 2.812939521800281346e-03 4.219409282700421586e-03 0.000000000000000000e+00 1.406469760900140673e-03 7.032348804500702932e-03 1.687763713080168634e-02 0.000000000000000000e+00 2.967651195499296790e-01 9.845288326300985146e-03 0.000000000000000000e+00 2.812939521800281346e-03 1.139240506329113889e-01 1.406469760900140673e-03 0.000000000000000000e+00 3.192686357243319506e-01 0.000000000000000000e+00 5.344585091420534645e-02 1.687763713080168704e-01 3.516174402250351466e-02 3.299156118143459793e+01 7.440225035161743827e-01 1.406469760900140673e-03 1.421097046413502163e+01 7.032348804500702932e-03 0.000000000000000000e+00 5.625879043600562693e-03
2.123445850914205266e+02 6.167369901547116839e+00 9.325471167369901195e+02 2.148804500703234766e+01 4.559774964838256395e+00 5.766526019690576543e-02 6.167957805907172769e+03 1.444586497890295277e+03 1.475794655414908675e+03 1.177798874824191216e+03 3.761195499296765092e+02 2.224444444444444571e+02 4.580450070323487921e+01 1.102672292545710242e+01 4.084388185654008652e+01 4.725738396624472415e+01 9.518987341772151112e+00 5.798874824191280197e+00 2.531645569620253333e-01 3.656821378340365802e-01 3.319268635724331729e-01 1.068917018284106929e-01 3.656821378340365664e-02 8.018284106891702123e+00 4.184247538677918321e+00 1.820956399437412188e+01 3.300843881856540207e+01 1.729957805907172963e+00 9.353023909985935802e-01 1.438818565400843852e+00 8.558368495077356641e+00 2.109704641350210963e+00 2.191279887482419308e+00 9.563994374120955710e-02 2.208157524613220679e-01 5.302390998593530247e-01 2.247538677918424543e+00 1.106891701828410790e+00 4.236286919831223408e+00 5.007032348804500987e-01 1.051476793248945185e+01 1.133614627285513432e+00 1.324894514767932518e+00 1.095639943741209654e+00 2.714486638537271235e-01 2.812939521800281173e-02 5.471167369901547284e-01 1.580872011251758025e+00 1.880450070323488099e+00 7.046413502109704297e+00 6.530239099859352692e+00 2.237693389592123605e+00 7.670886075949367111e+00 1.035302390998593580e+01 4.219409282700422037e-01 7.386216596343179219e+01 1.453527426160337654e+03 1.532180028129395168e+02 6.137834036568213492e+01 9.716075949367088924e+02 2.052742616033755141e+01 7.032348804500702932e-03 1.520393811533051975e+00 0.000000000000000000e+00 2.953586497890295370e-02 2.798874824191279753e-01 1.379746835443038000e+00 2.531645569620253333e-01 9.648382559774965062e-01 1.478199718706047827e+00 8.016877637130802314e-02 5.274261603375527407e-01 5.142053445850914173e+00 7.980309423347398123e+00 2.984528832630098272e+00 3.324894514767932296e+00 5.133614627285513210e-01 2.433192686357243395e-01 8.579465541490857716e-02 2.390998593530238928e-02 2.812939521800281346e-03 0.000000000000000000e+00 0.000000000000000000e+00 4.219409282700421586e-03 1.223628691983122407e-01 2.264416315049226358e-01 3.375527426160337269e-02 1.406469760900140673e-03 2.812939521800281346e-03 0.000000000000000000e+00 0.000000000000000000e+00 0.000000000000000000e+00 0.000000000000000000e+00 2.812939521800281346e-03 7.032348804500702932e-03 2.953586497890295370e-02 0.000000000000000000e+00 4.219409282700421586e-03 2.390998593530238928e-02 5.344585091420534645e-02 9.845288326300985146e-03 4.781997187060477855e-02 5.907172995780590741e-02 1.406469760900140673e-03 1.448663853727144846e-01 1.828410689170182832e-02 0.000000000000000000e+00 0.000000000000000000e+00 0.000000000000000000e+00 0.000000000000000000e+00 0.000000000000000000e+00 2.812939521800281346e-03 2.250351617440225077e-02 0.000000000000000000e+00 9.845288326300985146e-03 0.000000000000000000e+00 0.000000000000000000e+00 2.812939521800281346e-03 0.000000000000000000e+00 1.406469760900140673e-03 2.672292545710267322e-02 2.109704641350211018e-01 3.628691983122362963e-01 2.306610407876230617e-01 2.390998593530238928e-02 7.032348804500702932e-03 1.406469760900140586e-02 0.000000000000000000e+00 7.032348804500702932e-03
6.035161744022503605e+00 2.953586497890295370e-02 3.377777777777777857e+01 2.869198312236286852e-01 3.656821378340365664e-02 1.265822784810126563e-02 1.444586497890295277e+03 4.227908579465541152e+03 1.177142053445850934e+03 1.401068917018284026e+02 9.950210970464135585e+01 6.524360056258790337e+02 5.576230661040788164e+02 1.739142053445850991e+02 1.220126582278481010e+03 2.299014064697609228e+03 3.044556962025316693e+02 4.035161744022503427e+01 1.295358649789029482e+00 6.047819971870604938e-02 2.081575246132208179e-01 1.912798874824191142e-01 1.969057665260197029e-02 1.517580872011251714e+01 2.706188466947960691e+01 1.224824191279887486e+02 1.474444444444444571e+02 1.212798874824191309e+01 5.630098452883262716e+00 1.293952180028129506e-01 6.809704641350211318e+01 1.013502109704641363e+01 4.964838255977496395e+00 4.641350210970464352e-02 9.001406469760899753e-01 1.547116736990154784e-02 1.293952180028129506e-01 2.531645569620253125e-02 2.390998593530239136e-01 1.884669479606188580e-01 8.902953586497890370e-01 4.781997187060477855e-02 4.528832630098452716e-01 4.542897327707454136e-01 8.438818565400843172e-03 4.219409282700421586e-03 8.438818565400843172e-03 4.859353023909985581e+00 7.064697609001406420e+00 3.562025316455696355e+01 4.265822784810126223e+00 8.517580872011251358e+00 2.911251758087201225e+01 8.171589310829817654e-01 1.890295358649789037e+00 1.936765119549929750e+02 7.640801687763713517e+02 3.022784810126582400e+01 8.891701828410688790e+00 2.637805907172995603e+02 7.554149085794655605e+00 0.000000000000000000e+00 1.547116736990154784e-02 0.000000000000000000e+00 1.265822784810126563e-02 5.625879043600562693e-03 1.631504922644163025e-01 5.625879043600562693e-03 5.625879043600562693e-03 2.057665260196905876e+00 2.191279887482419308e+00 4.520393811533051753e+00 6.666666666666666963e+00 2.378340365682138025e+00 5.654008438818565185e-01 6.019690576652601877e+00 4.918424753867792099e+00 4.360056258790436345e+00 5.738396624472573704e-01 4.500703234880450154e-02 1.687763713080168634e-02 1.406469760900140586e-02 0.000000000000000000e+00 1.828410689170182832e-02 5.625879043600562693e-03 1.828410689170182901e-01 1.167369901547116728e-01 8.438818565400843172e-03 2.672292545710267322e-02 2.812939521800281346e-03 0.000000000000000000e+00 0.000000000000000000e+00 0.000000000000000000e+00 1.406469760900140673e-03 1.406469760900140673e-03 2.250351617440225077e-02 1.406469760900140673e-03 1.406469760900140673e-03 2.390998593530238928e-02 1.969057665260197029e-02 4.219409282700421586e-03 1.547116736990154784e-02 9.845288326300985146e-03 0.000000000000000000e+00 1.406469760900140673e-03 0.000000000000000000e+00 0.000000000000000000e+00 0.000000000000000000e+00 0.000000000000000000e+00 0.000000000000000000e+00 0.000000000000000000e+00 7.032348804500702932e-03 2.812939521800281346e-03 1.406469760900140673e-03 9.845288326300985146e-03 0.000000000000000000e+00 0.000000000000000000e+00 4.219409282700421586e-03 0.000000000000000000e+00 4.219409282700421586e-03 1.912798874824191142e-01 1.300984528832630049e+00 9.985935302390999135e-01 7.468354430379746667e-01 1.406469760900140586e-02 0.000000000000000000e+00 0.000000000000000000e+00 0.000000000000000000e+00 2.812939521800281346e-03
6.033755274261602963e-01 7.102672292545709753e-01 3.916736990154711862e+01 7.393811533052039309e+00 1.675105485232067482e+00 5.625879043600562693e-03 1.475794655414908675e+03 1.177142053445850934e+03 1.552604781997187092e+04 3.245742616033755439e+03 3.771603375527425897e+02 2.232706047819971900e+03 2.415499296765119652e+02 8.187763713080168770e+01 2.053981715893108230e+03 2.349057665260197041e+02 1.912883263009845223e+02 2.471589310829817165e+01 4.880450070323488210e-01 5.625879043600562693e-03 3.459915611814345926e-01 1.969057665260197029e-02 4.360056258790435957e-02 2.880450070323488099e+00 1.826863572433192573e+01 2.193811533052039309e+01 2.115893108298171654e+01 6.015471167369901728e+00 3.248945147679324741e+00 1.167369901547116728e-01 3.573277074542897225e+01 8.336146272855133432e+00 2.676511954992967457e+00 1.687763713080168634e-02 1.336146272855133488e-01 4.219409282700421586e-03 1.265822784810126667e-01 6.610407876230661728e-02 2.109704641350211018e-01 1.814345991561181481e-01 1.016877637130801704e+00 1.687763713080168704e-01 3.234880450070323765e-01 8.621659634317861975e-01 4.078762306610407562e-02 0.000000000000000000e+00 2.362869198312236296e-01 1.869198312236286963e+00 4.947960618846694913e+00 1.347116736990154706e+01 1.645569620253164667e+00 3.080168776371308148e+00 4.631504922644163358e+00 1.312236286919831185e+00 1.378340365682137747e-01 9.109704641350210963e+00 2.522784810126582400e+01 1.001617440225035125e+02 6.277496483825597551e+01 2.127721518987341653e+02 1.776652601969057699e+01 0.000000000000000000e+00 3.938115330520394058e-02 0.000000000000000000e+00 4.219409282700421586e-03 6.188466947960619136e-01 5.991561181434599259e-01 1.476793248945147685e-01 1.000000000000000000e+00 2.561181434599156148e+00 2.028129395218002617e+00 8.770745428973276248e+00 1.803234880450070321e+01 5.909985935302390914e+00 3.414908579465541383e+00 3.319831223628691674e+01 1.098452883263009916e+01 2.950773558368494864e+00 1.971870604781997161e+00 3.797468354430379861e-02 2.672292545710267322e-02 2.812939521800281346e-03 4.219409282700421586e-03 3.094233473980309568e-02 0.000000000000000000e+00 2.376933895921237716e-01 1.729957805907172963e-01 6.188466947960619136e-02 1.125175808720112539e-02 0.000000000000000000e+00 0.000000000000000000e+00 0.000000000000000000e+00 0.000000000000000000e+00 0.000000000000000000e+00 0.000000000000000000e+00 0.000000000000000000e+00 0.000000000000000000e+00 0.000000000000000000e+00 4.781997187060477855e-02 4.922644163150492053e-02 1.406469760900140673e-03 4.219409282700421586e-03 0.000000000000000000e+00 0.000000000000000000e+00 4.219409282700421586e-03 0.000000000000000000e+00 0.000000000000000000e+00 0.000000000000000000e+00 7.032348804500702932e-03 0.000000000000000000e+00 0.000000000000000000e+00 2.812939521800281346e-03 0.000000000000000000e+00 1.406469760900140673e-03 1.406469760900140673e-03 0.000000000000000000e+00 2.812939521800281346e-03 0.000000000000000000e+00 0.000000000000000000e+00 5.625879043600562693e-03 3.769338959212377160e-01 2.184247538677918321e+00 5.281293952180027951e+00 1.253164556962025333e+00 1.547116736990154784e-02 2.812939521800281346e-03 4.219409282700421586e-03 0.000000000000000000e+00 0.000000000000000000e+00
2.107369901547116626e+02 6.383614627285513734e+02 1.195320675105485179e+03 4.697229254571026900e+02 4.101969057665260010e+01 1.503516174402250272e+00 1.177798874824191216e+03 1.401068917018284026e+02 3.245742616033755439e+03 1.183484528832630167e+04 7.816005625879043919e+02 1.533234880450070250e+02 2.134177215189873422e+01 7.022503516174402272e+00 1.030661040787623079e+02 1.623488045007032454e+01 8.798874824191280197e+00 2.638537271448663901e+00 5.485232067510548842e-02 4.824191279887482531e-01 7.327707454289732469e-01 1.715893108298171543e-01 5.766526019690576543e-02 1.357243319268635728e+00 2.654008438818565185e+00 6.354430379746835555e+00 9.042194092827005036e+00 1.516174402250351605e+00 9.859353023909985803e-01 2.988748241912798864e+00 8.434599156118142815e+00 2.497890295358649926e+00 7.341772151898734222e+00 3.656821378340365664e-02 1.167369901547116728e-01 5.977496483825597284e-01 1.469760900140647086e+00 2.528832630098452938e+00 1.066104078762306528e+01 4.338959212376933827e+00 1.297046413502109630e+01 4.167369901547116839e+00 4.153305203938115753e+00 2.246132208157524790e+00 9.789029535864979259e-01 9.845288326300984105e-02 8.722925457102672198e+00 3.109704641350210963e+00 4.779184247538678321e+00 6.291139240506328889e+00 1.874120956399437432e+01 5.625879043600562346e-01 3.118143459915611704e+00 4.875949367088607289e+01 1.078762306610407951e+00 1.943319268635724484e+01 1.392756680731364156e+02 2.678396624472574103e+02 3.329156118143459935e+02 1.282105485232067622e+03 4.233333333333333570e+01 1.776371308016877704e+00 6.596343178621659753e-01 8.016877637130802314e-02 9.901547116736990617e-01 7.216596343178621531e+00 5.670886075949367111e+00 1.589029535864978904e+01 2.713220815752461235e+01 1.153305203938115309e+00 7.172995780590717130e-02 1.066104078762306617e+00 1.697749648382559684e+01 7.378481012658227201e+01 6.910970464135020563e+01 2.086497890295358815e+01 9.367088607594936667e-01 5.485232067510548148e-01 3.867791842475386543e-01 4.641350210970464352e-02 4.360056258790435957e-02 1.406469760900140673e-03 0.000000000000000000e+00 4.781997187060477855e-02 1.838255977496483728e+00 7.904360056258790124e-01 2.784810126582278333e-01 5.625879043600562346e-02 3.094233473980309568e-02 0.000000000000000000e+00 0.000000000000000000e+00 0.000000000000000000e+00 0.000000000000000000e+00 5.625879043600562693e-03 1.406469760900140673e-03 8.720112517580871914e-02 2.109704641350210880e-02 1.406469760900140673e-03 1.195499296765119568e-01 2.770745428973276914e-01 3.516174402250351466e-02 8.579465541490857716e-02 1.125175808720112469e-01 1.406469760900140673e-03 3.234880450070323765e-02 1.687763713080168634e-02 0.000000000000000000e+00 0.000000000000000000e+00 0.000000000000000000e+00 0.000000000000000000e+00 2.812939521800281346e-03 4.219409282700421586e-03 0.000000000000000000e+00 0.000000000000000000e+00 8.298171589310829321e-02 0.000000000000000000e+00 0.000000000000000000e+00 1.814345991561181481e-01 0.000000000000000000e+00 9.845288326300985146e-03 3.656821378340365664e-02 1.140646976090013975e+00 4.368495077355836642e+00 5.864978902953587037e-01 1.547116736990154784e-02 3.670886075949367222e-01 3.516174402250351466e-02 2.812939521800281346e-03 1.209563994374120988e-01
1.325035161744022538e+01 7.400843881856539852e+00 1.535232067510548575e+02 1.632883263009845223e+02 5.749789029535864984e+02 3.756118143459915615e+01 3.761195499296765092e+02 9.950210970464135585e+01 3.771603375527425897e+02 7.816005625879043919e+02 7.237746835443037526e+03 1.519061884669479696e+03 6.346976090014064908e+01 1.206751054852320593e+00 2.196343178621659575e+01 1.461462728551336099e+01 3.302390998593530025e+00 8.987341772151898889e-01 1.566807313642756760e+01 9.560506329113924266e+02 7.014092827004219544e+02 1.230070323488045005e+02 4.226582278481012622e+01 4.558368495077355753e+00 1.028129395218002839e+00 5.112517580872011358e+00 1.395780590717299496e+01 7.904360056258790124e-01 1.154711673699015506e+00 1.025316455696202445e+00 3.033755274261603407e+00 4.303797468354430555e-01 1.390998593530239136e+00 6.090154711673699239e+01 1.051223628691983123e+02 5.625879043600562346e-02 3.234880450070323765e-02 2.011251758087201080e-01 6.343178621659634198e-01 2.672292545710266976e-01 3.938115330520393642e-01 3.403656821378340247e-01 4.824191279887482531e-01 2.883263009845288272e-01 1.849507735583684864e+00 1.842475386779184321e-01 1.309423347398031012e+00 2.475386779184247654e-01 1.111111111111111160e+00 2.571026722925457086e+00 3.616033755274261630e+00 2.601969057665260432e-01 1.043600562587904346e+00 8.931082981715892544e+00 1.518987341772151944e-01 2.936568213783403536e+01 9.140928270042194015e+01 1.525063291139240391e+02 1.307580872011251643e+02 3.783445850914205266e+02 3.506188466947960336e+01 5.406469760900140642e+00 2.784810126582278333e-01 4.219409282700421586e-03 3.443037974683544444e+00 3.682419127988747931e+01 3.176230661040787595e+01 1.554374120956399565e+02 1.737144866385372666e+02 9.648382559774963951e+00 1.468354430379746889e+00 1.619549929676512079e+01 2.554106891701828488e+02 7.946751054852320522e+02 1.151606188466947970e+03 6.828354430379746418e+02 3.656680731364275516e+01 1.426722925457102598e+01 1.130801687763713037e+00 4.781997187060477855e-02 5.766526019690576543e-02 4.219409282700421586e-03 0.000000000000000000e+00 1.265822784810126667e-01 4.720253164556962133e+01 2.767932489451476741e+01 7.045007032348804543e+00 2.050632911392404889e+00 1.969057665260197029e-02 7.032348804500702932e-02 1.406469760900140673e-03 1.406469760900140673e-03 1.406469760900140673e-03 1.265822784810126563e-02 1.969057665260197029e-02 4.219409282700421586e-03 0.000000000000000000e+00 0.000000000000000000e+00 1.215189873417721556e+00 2.911392405063291111e+00 3.094233473980309568e-02 5.625879043600562346e-02 1.265822784810126563e-02 0.000000000000000000e+00 6.188466947960619136e-02 8.438818565400843172e-03 0.000000000000000000e+00 0.000000000000000000e+00 2.812939521800281346e-03 7.032348804500702932e-03 1.293952180028129506e-01 1.125175808720112539e-02 1.406469760900140673e-03 4.219409282700421586e-03 4.078762306610407562e-02 0.000000000000000000e+00 5.625879043600562693e-03 2.812939521800281173e-01 0.000000000000000000e+00 8.438818565400843519e-02 3.473980309423347346e-01 4.191279887482418864e+00 1.503375527426160296e+01 4.367088607594936889e+00 3.656821378340365664e-02 2.430379746835443111e+00 7.876230661040788117e-02 1.406469760900140673e-03 0.000000000000000000e+00
3.783403656821378580e-01 1.533052039381153364e-01 3.860759493670886222e+00 6.455696202531645556e-01 1.188466947960618914e+00 4.556962025316455556e-01 2.224444444444444571e+02 6.524360056258790337e+02 2.232706047819971900e+03 1.533234880450070250e+02 1.519061884669479696e+03 8.175607594936708665e+03 1.387504922644163116e+03 1.676765119549929750e+02 9.760450070323488490e+02 1.164796061884669456e+02 2.043600562587904435e+01 1.336146272855133610e+01 3.014627285513361343e+01 1.909563994374120810e+01 3.433389592123769489e+02 8.737130801687763437e+01 4.417299578059071763e+01 1.498171589310829788e+01 1.241772151898734222e+01 3.651898734177215289e+01 7.610689170182841679e+01 4.741209563994374321e+00 1.784810126582278444e+00 3.206751054852320926e-01 1.813361462728551388e+01 3.250351617440224938e+00 1.389592123769338938e+00 5.252461322081575190e+01 9.843037974683544178e+01 4.219409282700421586e-03 7.032348804500702932e-03 5.625879043600562693e-03 1.448663853727144846e-01 5.485232067510548842e-02 1.195499296765119568e-01 1.153305203938115309e-01 6.610407876230661728e-02 4.922644163150492053e-02 1.074542897327707358e+00 9.282700421940928703e-02 3.234880450070323765e-02 1.687763713080168704e-01 6.188466947960619136e-01 3.534458509142053284e+00 2.728551336146272654e-01 1.171589310829817210e+00 6.393811533052039309e+00 3.206751054852320926e-01 3.797468354430380000e-01 2.200562587904359901e+01 4.421237693389591783e+01 1.374345991561181393e+02 4.208579465541490805e+01 2.621659634317862242e+02 3.125879043600562568e+01 2.883263009845288272e-01 3.544303797468354444e-01 1.406469760900140673e-03 3.516174402250351466e-02 3.924050632911392222e-01 3.420534458509142173e+00 5.541490857946553827e-01 2.254571026722925531e+00 1.380872011251758025e+01 1.252320675105485215e+01 6.421097046413501630e+01 9.600000000000000000e+01 2.721940928270042193e+01 7.899437412095639388e+01 7.631434599156118566e+02 4.373347398030942372e+02 2.026174402250351534e+02 1.336005625879043635e+01 4.641350210970464352e-02 5.907172995780590741e-02 5.344585091420534645e-02 6.469760900140647530e-02 6.132208157524613457e-01 4.929676511954992790e+00 2.181153305203937975e+01 5.898734177215190222e+00 1.911392405063291111e+00 3.516174402250351466e-02 9.845288326300985146e-03 1.406469760900140673e-03 0.000000000000000000e+00 2.812939521800281346e-03 2.672292545710267322e-02 1.406469760900140673e-03 5.625879043600562693e-03 0.000000000000000000e+00 2.812939521800281346e-03 1.907172995780590741e+00 2.234880450070323654e+00 1.265822784810126563e-02 7.032348804500702932e-03 5.766526019690576543e-02 2.812939521800281346e-03 2.672292545710267322e-02 1.406469760900140673e-03 8.438818565400843172e-03 0.000000000000000000e+00 3.094233473980309568e-02 1.406469760900140673e-03 0.000000000000000000e+00 1.406469760900140673e-03 4.219409282700421586e-03 7.032348804500702932e-03 1.969057665260197029e-02 2.109704641350210880e-02 8.438818565400843172e-03 9.704641350210969908e-02 0.000000000000000000e+00 1.617440225035161883e-01 2.132208157524613235e+00 1.698171589310829788e+01 2.549367088607595022e+01 1.138818565400843852e+01 3.881856540084387963e-01 2.109704641350211018e-01 1.462728551336146265e-01 0.000000000000000000e+00 1.406469760900140673e-03
