1.000000000000000000e+00 3.415612105839045953e-01 1.359592481912708095e-01 1.992276739296931776e-01 3.917845569639647474e-01 3.491579079196370783e-01 3.405337100309998588e-01 3.750654424033289525e-01 3.215239808313714032e-01 2.325517436512692382e-01 1.795924190872366377e-01 1.801249971668522354e-01 2.183511540039341781e-01 2.357715556283862535e-01 2.136808664610456432e-01 2.062977193016012900e-01 2.946728868917694588e-01 2.345956383682420709e-01 3.265489708298662808e-01 2.605274817516806674e-01 1.948361603605933134e-01 2.347800590790965758e-01 2.119999802412944057e-01 2.237454961478252402e-01 2.283169718722239394e-01 1.341133692824480195e-01 7.846425370763880636e-02 1.127773578238975838e-01 2.752828832515430424e-01 3.106428055586330506e-01 2.499191556580229456e-01 2.624502565208041704e-01 2.166396656281356636e-01 3.032754465199805072e-01 1.729769012848471621e-01 1.714109040756599256e-01 1.739157221827873634e-01 5.548689304571856329e-02 6.682054946882508284e-02 1.646093375195184783e-01 8.973968949804188300e-02 2.971031913635689414e-01 2.223155156602820981e-01 8.182955573216003919e-02 1.427987068790735892e-01 2.814787175369553029e-01 2.921257905750265782e-01 2.665024834371784168e-01 2.858757260862993532e-01 2.619028525867393431e-01 2.326296057034406839e-01 1.864189279655102949e-01 1.840601074249864355e-01 2.086937957119011366e-01 2.466885854376177911e-01 2.053983108051442297e-01 2.091557422500243957e-01 3.021317490939748884e-01 2.345369193316126366e-01 2.709740379243982256e-01 2.371851664880245403e-01 2.027154983918304232e-01 2.383099290111912738e-01 2.295979799446510317e-01 2.358209360117478337e-01 2.322553484717458372e-01 1.317827337676505672e-01 8.253606200433864781e-02 7.919543751694935185e-02 2.481804338239965990e-01 2.497606384289716708e-01 2.152313809385959231e-01 2.611650859272535707e-01 2.296764985328464403e-01 2.585718632486397883e-01 1.707926090346325865e-01 1.613531808587233829e-01 1.483270353212905457e-01 5.254424424163998270e-02 7.398332837969834319e-02 1.562229899635074193e-01 9.822939657442786299e-02 2.091806822061645088e-01
3.415612105839045953e-01 1.000000000000000000e+00 2.101824840156680807e-01 1.555993963528671531e-01 4.484578591355236621e-01 3.439770439018690062e-01 4.087356866464169070e-01 4.541274670563048566e-01 4.599972701593683100e-01 1.374522155500836895e-01 1.035055654607236475e-01 1.046305319390956334e-01 9.915830101382000494e-02 1.592931127971672634e-01 1.791315106529062506e-01 1.376514998398271072e-01 2.178283946570690188e-01 1.405120029247017566e-01 4.412214769463003727e-01 1.908734758836867773e-01 1.001360134461246471e-01 1.555963872784800472e-01 1.697345893181342880e-01 1.441367707257359965e-01 1.768598175738301803e-01 9.245871212478465329e-02 7.251608817535741547e-02 1.271233637780828096e-01 3.250451680257455123e-01 4.742655131932408397e-01 2.554802671810619819e-01 2.257820077331466058e-01 1.569787147961577145e-01 1.666287139382102156e-01 1.354574503763253668e-01 1.572787832845612133e-01 1.082642178853613496e-01 3.140638230191046543e-02 2.031591256588199251e-02 1.288321985482499266e-01 6.115757520854590151e-02 2.739294694419166509e-01 4.338267912203655485e-01 1.101263103586683084e-01 1.154729904665194179e-01 3.636965007472515166e-01 3.000717280125597131e-01 2.752129394286552122e-01 3.129077498150856784e-01 3.766893221738440989e-01 1.479966854967523504e-01 1.223515804091889342e-01 9.486606954361079258e-02 7.992141591449480886e-02 1.811820978145964323e-01 1.793797721183192362e-01 1.404854125302117396e-01 2.783973009004165333e-01 1.374779135960697840e-01 3.545187736868367079e-01 1.728011622279925497e-01 1.097365493279545412e-01 1.589662794712082827e-01 1.896313738903094293e-01 1.563127021941807804e-01 1.809683595923454735e-01 9.095885423589740448e-02 7.458468576399986116e-02 1.079824802618812030e-01 2.921006709005795066e-01 3.912672372601226356e-01 2.507237952818497928e-01 2.173893653599317521e-01 1.632309248908259125e-01 1.431235227643059271e-01 1.286956708484404688e-01 1.314330205614729075e-01 9.757494578214345737e-02 3.634952192436489288e-02 3.611119481289034455e-02 1.233596374367631615e-01 7.133352845548913967e-02 1.934592000485049201e-01
1.359592481912708095e-01 2.101824840156680807e-01 1.000000000000000000e+00 2.202638335774535494e-01 9.529152833866454120e-02 4.627393262816140856e-02 1.443356037977416018e-01 2.689576084745502471e-01 1.901180280525457955e-01 7.215185180220812233e-02 8.427188044994654570e-02 1.108012137766192784e-01 3.037135979398010791e-02 8.140188546851084839e-02 2.096087838878565868e-01 1.162399576986706540e-01 4.515186340435662499e-02 8.713846481402548472e-02 2.597763529146930317e-01 2.190431686703205316e-01 9.116102640646774058e-02 8.998836884873288866e-02 1.163854378070615647e-01 1.036032500279499419e-01 1.282567569929154438e-01 9.260317989131972016e-02 4.173730476381784515e-02 1.137484892624298638e-01 1.501934278927217481e-01 2.938660472878207308e-01 1.306553551334782848e-01 1.584614145669358820e-01 8.860273906670573796e-02 4.279885491907839401e-02 6.251293596580681511e-02 5.657292722659165024e-02 2.886855437840939870e-02 1.236500867984911996e-02 5.226321580162897329e-02 1.228461467994840517e-01 5.757101878111649945e-02 1.111503964339486256e-01 1.487300111009361159e-01 1.989007256257540324e-01 1.883944255077656116e-01 9.745725780842270924e-02 7.267475256981298370e-02 9.350375076260303286e-02 2.102675044771021018e-01 1.870428994552615631e-01 7.592155892149018981e-02 9.614002302569155112e-02 1.148664794872502198e-01 2.365104475071750853e-02 1.065357868011497372e-01 2.173548098858855693e-01 1.167952432979001282e-01 7.612855510627333788e-02 8.540542510079915384e-02 2.513258759076295590e-01 2.279690790227392183e-01 9.693689463686518126e-02 9.384782101107058683e-02 1.229437308550335173e-01 1.088000610865113016e-01 1.226181173323163953e-01 9.824818887618189112e-02 4.577703097816947231e-02 9.322671462765061423e-02 1.347940261502193482e-01 2.595203826384850920e-01 1.380753676463907231e-01 1.436428449539489671e-01 9.011357916286602543e-02 4.658465339014505879e-02 6.491754946915236080e-02 4.759491304755904956e-02 2.802270234960621553e-02 1.185321071180709361e-02 5.871138611286107895e-02 1.221501953458511425e-01 6.266491006478372428e-02 1.077127319410239453e-01
1.992276739296931776e-01 1.555993963528671531e-01 2.202638335774535494e-01 1.000000000000000000e+00 7.233773086688555232e-02 4.370615390938763570e-03 7.993330716146297699e-02 3.077420804748404737e-01 1.709838455909698796e-01 1.091969310730861731e-01 1.389587662348784614e-01 2.372461591519135771e-01 7.902886001621775569e-02 1.222851322377906391e-01 3.399487212229039268e-01 1.718762345348662790e-01 3.445082599708998439e-02 1.010371357543415061e-01 2.976048167536278766e-01 3.139581181224082584e-01 1.342862188062033391e-01 1.330341610741412883e-01 1.509922876262998759e-01 1.491127077930902156e-01 1.893130611699065380e-01 1.794889052265790652e-01 6.828915762186246741e-02 1.584035017916892718e-01 1.692065624203846763e-01 3.305606421455756783e-01 1.528857570175837233e-01 2.334297820145329050e-01 1.436028510843681549e-01 8.357906837586778770e-02 9.133495094495044930e-02 8.017172063096250634e-02 6.584125377719285410e-02 1.838378854324910702e-02 1.226135863109703572e-01 2.332155870035119982e-01 1.087332811034714686e-01 1.529419625518127490e-01 1.574406102215025749e-01 1.874329336837114723e-01 3.540933799453545583e-01 9.587465305999723353e-02 6.994262693408331844e-02 9.097431507308427479e-02 3.089460013234646141e-01 2.163707005375981041e-01 1.169409045192502106e-01 1.569365855737586690e-01 2.633741594977251910e-01 8.947500641336526839e-02 1.688579412741287311e-01 3.605890042958103114e-01 1.741373079089293119e-01 6.054952357449984446e-02 1.045262214460309369e-01 3.329187232469941193e-01 3.445153286896970313e-01 1.385483921508338379e-01 1.403054680541323540e-01 1.552902263392243465e-01 1.611916983649109292e-01 1.837334566410164238e-01 1.933459185712482487e-01 7.045058981032092937e-02 1.250314152415351876e-01 1.655028526128183020e-01 3.109447843021456159e-01 1.587825819985510256e-01 2.135014110689484601e-01 1.500207054446542621e-01 9.645607123704494357e-02 9.802722277134091888e-02 8.037690603917931054e-02 6.279893465750419068e-02 2.358183770462919313e-02 1.230061346219506746e-01 2.357983643113165939e-01 1.143441794051799076e-01 1.475520833340980831e-01
3.917845569639647474e-01 4.484578591355236621e-01 9.529152833866454120e-02 7.233773086688555232e-02 1.000000000000000000e+00 6.519698581841780749e-01 4.813436890118086287e-01 4.929425464606151941e-01 4.423791037263866688e-01 3.733925312173328459e-01 2.383201950128189528e-01 1.281175877284757292e-01 3.148471182520165002e-01 3.128245835207066339e-01 1.680327257981966138e-01 2.675500301380327461e-01 5.154946182843079816e-01 3.310523015496447119e-01 3.963767331331110033e-01 2.684594469480384715e-01 2.502603159948452727e-01 3.056190696373052851e-01 2.805666473363661040e-01 2.910566143759136803e-01 2.931852347605097275e-01 1.258375988759165287e-01 7.818603725664782789e-02 9.606389245419590106e-02 3.782259454356654560e-01 3.785770367224655097e-01 4.427571083057647017e-01 3.777120899612182447e-01 2.829359737917196971e-01 4.370575098705705153e-01 2.191751141648921042e-01 2.218840655252790062e-01 2.373497037790129049e-01 7.263128012257423494e-02 3.120470962723129876e-02 1.312159967946859296e-01 9.305397671726747810e-02 3.441339767171713859e-01 2.904100650951282336e-01 4.789482714642898098e-02 4.380514925876835552e-02 4.977135836452161732e-01 5.070087268090616162e-01 3.906271638093248288e-01 3.375983814700383445e-01 3.223085747046675609e-01 3.574242387226629347e-01 2.415216462664054875e-01 1.257686203172201089e-01 3.056914967327297727e-01 3.031178421409203017e-01 1.397847450214245724e-01 2.722183027487106166e-01 5.034797359127280991e-01 3.288870781501905816e-01 2.746060763981386654e-01 2.089746342970976445e-01 2.612624886624845266e-01 3.118689143613522230e-01 3.016419723383096385e-01 3.056926645815432053e-01 2.991499707573996303e-01 1.131548197120215149e-01 9.478265706073381314e-02 9.800261125552513219e-02 3.243064363549877371e-01 2.906890643816988917e-01 3.471966501006917283e-01 3.668765780299736434e-01 2.994515240768728659e-01 3.742498124474766263e-01 2.121666824736092027e-01 1.985044282683856298e-01 2.147457301706705290e-01 7.331089446803194798e-02 4.382010453817483664e-02 1.250460002279601968e-01 1.129657048833387911e-01 2.545733072319777412e-01
3.491579079196370783e-01 3.439770439018690062e-01 4.627393262816140856e-02 4.370615390938763570e-03 6.519698581841780749e-01 1.000000000000000000e+00 5.512071403583342910e-01 4.730657791694412584e-01 4.845266579137044727e-01 4.933533986812123073e-01 2.974256204908019008e-01 1.024417349769305291e-01 3.686425029772689155e-01 3.611676575301261405e-01 1.509309970847369509e-01 3.373518019777249077e-01 6.397327118515506728e-01 4.265369067105218015e-01 4.021121246280300876e-01 2.855686042682921699e-01 3.016776081360708628e-01 3.398262507739237548e-01 2.968215588350565093e-01 3.383122966404198961e-01 3.159917974517482686e-01 1.300615550710309265e-01 7.079612028667239820e-02 5.098610200006346849e-02 3.807085239049246006e-01 2.923382667311681948e-01 4.222038160632621828e-01 3.776095988695599148e-01 3.189859784206374727e-01 5.304661858469307267e-01 2.390291715183039678e-01 2.327113152653163541e-01 2.739603078067432418e-01 8.188201871862561820e-02 2.110214470420129426e-02 1.272781622828662307e-01 8.643847454254319218e-02 3.024478279536300662e-01 1.889274506772493367e-01 3.463464935332270160e-04 -1.838475530948401396e-02 3.943669864693408189e-01 5.242080269598327069e-01 4.396683594482607149e-01 2.974694187841851467e-01 3.176702188234534763e-01 4.644258416734745598e-01 2.924694966350993020e-01 8.965563267812237669e-02 3.526595106436019589e-01 3.219962094311530909e-01 1.049551081837239025e-01 3.397277768243957552e-01 5.791171061214220872e-01 4.197245591495041284e-01 2.444320106360100830e-01 2.032649645099994240e-01 3.145168717709641570e-01 3.481236945626767776e-01 3.203651655658990016e-01 3.501705852209294201e-01 3.192189906136334576e-01 1.053526255149831031e-01 8.977015928985715432e-02 6.454337916302477218e-02 3.202297677606967263e-01 1.997151571506164958e-01 3.134287166351286680e-01 3.837109041034830748e-01 3.378711738337141779e-01 4.407370753429797339e-01 2.294131357167711049e-01 2.098958363542655636e-01 2.449781616293036923e-01 7.775922934242551765e-02 3.002358709046306154e-02 1.137895855370349568e-01 1.083677066829124708e-01 2.688367921388269410e-01
3.405337100309998588e-01 4.087356866464169070e-01 1.443356037977416018e-01 7.993330716146297699e-02 4.813436890118086287e-01 5.512071403583342910e-01 1.000000000000000000e+00 6.030800992343882116e-01 6.868247179621395082e-01 3.261675792134329233e-01 2.313922932992218684e-01 2.122548310298620067e-01 3.589812840403686089e-01 4.631624065599849738e-01 3.232522481842910467e-01 2.445408291368300069e-01 5.488181153252850164e-01 4.306773517330469980e-01 6.241603810019568099e-01 4.807522385402824283e-01 2.935098220104570554e-01 3.480922572033266493e-01 3.237631760018567229e-01 3.209732746339393761e-01 2.698281501181173936e-01 1.433898611407018187e-01 7.565143033273638573e-02 4.464177100319580149e-02 4.165028346518582780e-01 3.976228603539995188e-01 2.949563486713611682e-01 2.721283221321585954e-01 2.768036879567644659e-01 4.085939248961845682e-01 3.042545409652451793e-01 3.058901534256106558e-01 2.637556708816748974e-01 8.249925454939950609e-02 4.893642607640827369e-02 1.462740906386117978e-01 2.263587307313627214e-02 3.016591103746986136e-01 1.710256635468877795e-01 3.360106516540508487e-02 3.774523259533426548e-03 2.482022743205014870e-01 3.451243043905622976e-01 6.542227646576963540e-01 3.399620930623152848e-01 4.406944706696049319e-01 3.137249268278383130e-01 2.398355221207729981e-01 1.755270427810918799e-01 3.254207756122302619e-01 4.283530840246705385e-01 2.697270388143294118e-01 2.575580258636631092e-01 5.299719320509168607e-01 4.271987653740482171e-01 4.075830274200084036e-01 3.939149596130326336e-01 3.073819964905107893e-01 3.501476204077950682e-01 3.610385859071466030e-01 3.380967692669341607e-01 2.737807958653120100e-01 1.282453733726275913e-01 8.704258748866487705e-02 4.458617875648248491e-02 3.393584259621827970e-01 2.376611660573281215e-01 2.114462615207934049e-01 2.823664724226056522e-01 2.981206599648570377e-01 3.399233518709137147e-01 2.851059344028804010e-01 2.614375074504984853e-01 2.377571964474235744e-01 7.671491030470901917e-02 5.378296220210414952e-02 1.325966231439950627e-01 4.978536655081892970e-02 3.378456698155269389e-01
3.750654424033289525e-01 4.541274670563048566e-01 2.689576084745502471e-01 3.077420804748404737e-01 4.929425464606151941e-01 4.730657791694412584e-01 6.030800992343882116e-01 1.000000000000000000e+00 6.261554398280396727e-01 4.205779533035978179e-01 3.458317198430230777e-01 3.227802390877279604e-01 3.753946914831123305e-01 4.312828999782115647e-01 4.668881790145174571e-01 3.899400792999600518e-01 4.627715379313919741e-01 3.832683886035461174e-01 6.631102288543602175e-01 5.691999097347999470e-01 3.294679328352606573e-01 3.738627907585547749e-01 3.444558389556298672e-01 3.721287374034369377e-01 3.529739357775142361e-01 2.239746828775941445e-01 1.028460037096917135e-01 1.783349814454766036e-01 4.331411229386807338e-01 6.140153943474067066e-01 4.339745853579985990e-01 4.473240991528952271e-01 3.492774385060417597e-01 3.984268910579668588e-01 3.024554624889703169e-01 2.979233492369345315e-01 2.588158220670776499e-01 8.015984748576034102e-02 1.015599716728373680e-01 2.769787751519299235e-01 1.134705538079859993e-01 3.525175026296187286e-01 3.095924560828292038e-01 1.908119446461033486e-01 2.531278026936719105e-01 3.481701918510951010e-01 4.015494981872579916e-01 5.091147774062608766e-01 6.630546670035161183e-01 5.242874367268860469e-01 4.193792348307533446e-01 3.618942654795707647e-01 3.402451490522809263e-01 3.626888679991709385e-01 4.517436412773492838e-01 4.569475953060272433e-01 4.041936909954647050e-01 4.827521305822597975e-01 3.861292411404769753e-01 5.506746801313783246e-01 5.413335041820321880e-01 3.501471809765400178e-01 3.854241825326950588e-01 3.681908527221292582e-01 3.934798028759779465e-01 3.472848065573748699e-01 2.230036456349085427e-01 1.194410440688546404e-01 1.640496148969244894e-01 3.661964824474811531e-01 5.116578386467264261e-01 3.679960103072028588e-01 4.451497149012492160e-01 3.752852049868259376e-01 3.686423425868669557e-01 2.973173525619142166e-01 2.717479549762162883e-01 2.416500724906530673e-01 8.064442659352212550e-02 1.264781191442569119e-01 2.737500474570296882e-01 1.400874629662603177e-01 3.718869681104501890e-01
3.215239808313714032e-01 4.599972701593683100e-01 1.901180280525457955e-01 1.709838455909698796e-01 4.423791037263866688e-01 4.845266579137044727e-01 6.868247179621395082e-01 6.261554398280396727e-01 1.000000000000000000e+00 3.160505821949929350e-01 2.248557024652928504e-01 1.690356694312466768e-01 2.419571928748949774e-01 3.452143969553236880e-01 3.753620336582716432e-01 2.676513270700768277e-01 4.368023934718179291e-01 4.018382086192196501e-01 7.337026403021320586e-01 5.054080636257579640e-01 2.553400892558521096e-01 3.118712833554821984e-01 2.805090890243257529e-01 3.061243841193660442e-01 3.114099648256932751e-01 2.028907703474206736e-01 8.378898683841004558e-02 9.796820031433463305e-02 4.523468739009289252e-01 5.248104682143774902e-01 3.333435182836696486e-01 3.052338300702915896e-01 2.520921973945381422e-01 2.945707000857988311e-01 2.510501468167565808e-01 2.584325284354892505e-01 1.977863025213225379e-01 5.838413097871003599e-02 5.098058314300702581e-02 2.114552277933455793e-01 6.810539101212548241e-02 2.820716395160791645e-01 2.692748602376692779e-01 9.377829412776675366e-02 1.119192787310610004e-01 3.011193645243382400e-01 3.722174441306779213e-01 5.238543439033269689e-01 4.177930378239821940e-01 5.963986333340328683e-01 3.223069482323007162e-01 2.474178336228791686e-01 1.596953611563267927e-01 2.217809696029232613e-01 3.449653400255518476e-01 3.382778527257588874e-01 2.766798495191222229e-01 4.662990243442519667e-01 4.044209469383107103e-01 5.596618874359001738e-01 4.390487497797706529e-01 2.689766300519968456e-01 3.193629812649869115e-01 3.171889813840609307e-01 3.244841419746981592e-01 3.177330835145143473e-01 1.959593361153216529e-01 9.508987362566352630e-02 9.062040299584117609e-02 4.022499137829425586e-01 3.805002023036423986e-01 2.802707000721300079e-01 3.077860558825666337e-01 2.705224217084329918e-01 2.653688486332301255e-01 2.376787514931316403e-01 2.317553511953161505e-01 1.848918079616304611e-01 5.575888185456798207e-02 6.763601139855435207e-02 2.017544644648773811e-01 9.187525775107491244e-02 3.100703884246242548e-01
2.325517436512692382e-01 1.374522155500836895e-01 7.215185180220812233e-02 1.091969310730861731e-01 3.733925312173328459e-01 4.933533986812123073e-01 3.261675792134329233e-01 4.205779533035978179e-01 3.160505821949929350e-01 1.000000000000000000e+00 6.330628649628564641e-01 8.337246198554060239e-02 3.500212222264826312e-01 3.553799206178545611e-01 2.430942518126659735e-01 8.223191401659671884e-01 7.026471282110353656e-01 6.445287918553047612e-01 3.436858790820006004e-01 3.536592936427554457e-01 5.180351277553444378e-01 4.289555317533330081e-01 4.494628872911233808e-01 5.350315506669298671e-01 4.962028492613061448e-01 2.150234019329173296e-01 8.972061976702523645e-02 1.014406756480231014e-01 4.000673358770776566e-01 2.696510416191170711e-01 4.888127587131191887e-01 5.838649322853923795e-01 4.602542121079243320e-01 5.950132446019088528e-01 2.358759906273580065e-01 1.543545710467205401e-01 2.582355211955874030e-01 8.270825323318774236e-02 5.739124622418877858e-02 2.687965233329212555e-01 1.971524731510151673e-01 2.504528093082361573e-01 1.600931992396311676e-01 7.819000311762053235e-02 1.419870941024707900e-01 3.090191930248746832e-01 4.439248729818321970e-01 3.620194159502307940e-01 4.215804206257077191e-01 3.079091611774874004e-01 8.309426546705642735e-01 6.188757174673201744e-01 1.172856265826168753e-01 3.841076306735368706e-01 3.425368295489719661e-01 2.200235951899175979e-01 7.845610190529123118e-01 5.943725610447945229e-01 6.272636843015134689e-01 3.091250284329669640e-01 3.101223609739404696e-01 5.307191621325629827e-01 4.485779156279628421e-01 4.437824752481153157e-01 5.324852595810632971e-01 4.775482868945976622e-01 1.853263739763225115e-01 1.134286766922472794e-01 1.242590808182016254e-01 3.662271213112614499e-01 2.856049957760430358e-01 4.134943057847901837e-01 5.931077417369710059e-01 4.753228463848305774e-01 5.366536836533641885e-01 2.457805069140992504e-01 1.611771812634277823e-01 2.355324776352718252e-01 7.218652821226506644e-02 6.940559749744619478e-02 2.621976955890782945e-01 2.169329493340361736e-01 2.931889142024365347e-01
1.795924190872366377e-01 1.035055654607236475e-01 8.427188044994654570e-02 1.389587662348784614e-01 2.383201950128189528e-01 2.974256204908019008e-01 2.313922932992218684e-01 3.458317198430230777e-01 2.248557024652928504e-01 6.330628649628564641e-01 1.000000000000000000e+00 1.047078924039987757e-01 2.695903668124922103e-01 3.370615509001870791e-01 2.702479454719504126e-01 6.404625389317706308e-01 4.957442138202569626e-01 5.020590860983838999e-01 3.081689562811744110e-01 3.656053517129540520e-01 4.448402691645337859e-01 3.505380842941775432e-01 3.656803282711887371e-01 4.492767385180055362e-01 3.991965769650451246e-01 2.028226673989098339e-01 7.913423546310471846e-02 9.833295109606515760e-02 3.027937795615672778e-01 2.496077910742348915e-01 3.846735180760068595e-01 4.763408228735611094e-01 3.833179274464689756e-01 4.363997618738225115e-01 2.242504654831841138e-01 1.044330270448296100e-01 1.718101256581593683e-01 6.242987184455692229e-02 6.415899878622199903e-02 2.529701808593716739e-01 1.667800541231134748e-01 2.013669097328130986e-01 1.348906033922331049e-01 8.743340389999910978e-02 1.623761834402094872e-01 2.230457436199564658e-01 3.044823192624956376e-01 2.815912903234467080e-01 3.667751912534059633e-01 2.475070623207937803e-01 6.160053681535521131e-01 6.506917663592466372e-01 1.397169963831804973e-01 3.100647902269146883e-01 3.252671925139953846e-01 2.515751046096783572e-01 6.358165791395957722e-01 4.403847407388891688e-01 4.993746002802591510e-01 2.960443737655433782e-01 3.358979271770669572e-01 4.525970379215248363e-01 3.653366163922009968e-01 3.625834635323028077e-01 4.452692837341171161e-01 3.840586217075481201e-01 1.828683944718390575e-01 9.325766963939428889e-02 1.060836480426905482e-01 2.839897340761954880e-01 2.695717509095617581e-01 3.422227776774149355e-01 4.913235280012760997e-01 4.039202039852353154e-01 4.175046341594376154e-01 2.195178801018546066e-01 1.104997029601718916e-01 1.603863342041187134e-01 4.779040460019561704e-02 7.441773156943030931e-02 2.511591288837256020e-01 1.839712667881586161e-01 2.521911418124392901e-01
1.801249971668522354e-01 1.046305319390956334e-01 1.108012137766192784e-01 2.372461591519135771e-01 1.281175877284757292e-01 1.024417349769305291e-01 2.122548310298620067e-01 3.227802390877279604e-01 1.690356694312466768e-01 8.337246198554060239e-02 1.047078924039987757e-01 1.000000000000000000e+00 2.255473857971714291e-01 2.397356984334027830e-01 2.802312600824570787e-01 1.002140807052597504e-01 1.205223272389828598e-01 1.009930537979648046e-01 2.301039155015230930e-01 2.951258695182196190e-01 1.356088504157015595e-01 1.756608255969184795e-01 1.397653887782602522e-01 1.420489021459764301e-01 1.091523810088150248e-01 1.109079289670106411e-01 4.891227156738664483e-02 8.177243845308430903e-02 1.157805642720699801e-01 2.148549611265443970e-01 1.105903681872402594e-01 1.597285365964166703e-01 1.666183496925916496e-01 1.810664330771732666e-01 1.654350180085306377e-01 1.518636298102542248e-01 1.349160483953393275e-01 4.335119842253616629e-02 1.106993977897368364e-01 1.505943498430812322e-01 3.739367754767191493e-02 1.747085118970706508e-01 4.991897048630739020e-02 8.972145290941183071e-02 1.869157869206809763e-01 5.877766134936576736e-02 7.193634255377591435e-02 1.751341298564071391e-01 2.521955920829074826e-01 1.371149604262842381e-01 8.051406991858489626e-02 1.137523041889001857e-01 3.319876661460556266e-01 2.116629939255899595e-01 2.591609912245733671e-01 2.816893957262367465e-01 1.088829119517312205e-01 1.187695442505386917e-01 1.014506763684908108e-01 2.007206775103827501e-01 2.989037224659494285e-01 1.427772213282793023e-01 1.736858723784059089e-01 1.496181758870790968e-01 1.549619934158910917e-01 1.080456117273541211e-01 1.228058494522979993e-01 5.458888561491919561e-02 6.668300014741107562e-02 8.671424053328781467e-02 1.640931529917459553e-01 8.265412996155815928e-02 1.573928585778912037e-01 1.800259178844138275e-01 1.671119158493478973e-01 1.570406764890028006e-01 1.368319683947508969e-01 1.233344071859090174e-01 4.680109396074610267e-02 1.135143111733917520e-01 1.509127162287564328e-01 4.869475382719886530e-02 1.812282177858578758e-01
2.183511540039341781e-01 9.915830101382000494e-02 3.037135979398010791e-02 7.902886001621775569e-02 3.148471182520165002e-01 3.686425029772689155e-01 3.589812840403686089e-01 3.753946914831123305e-01 2.419571928748949774e-01 3.500212222264826312e-01 2.695903668124922103e-01 2.255473857971714291e-01 1.000000000000000000e+00 3.845452348408535670e-01 2.393945603713348858e-01 2.862745197679295583e-01 4.295470552329158087e-01 3.367470446935833528e-01 2.551326090700549720e-01 3.284000166411846222e-01 3.061765990481587485e-01 3.373171571499246069e-01 2.707540886736067853e-01 3.207607588771004270e-01 2.463802500023608844e-01 1.290803071222281773e-01 5.828759858107443459e-02 4.113914929813724392e-02 2.292248056193447459e-01 1.659150526087289357e-01 2.518002603139232187e-01 2.790809153181752489e-01 2.978564981630312247e-01 4.265371295972503751e-01 2.545491946817898810e-01 2.093394591796226001e-01 2.447353955632038114e-01 8.536262637485682314e-02 7.408123083004360121e-02 1.412509714013006068e-01 5.702664547887980467e-02 2.349522210119492915e-01 6.908904035641438846e-02 2.869909584103616171e-02 6.877825010290203323e-02 1.984942087827728796e-01 2.889889118814406577e-01 3.552693221672006407e-01 3.061477499103970601e-01 1.930327859922578992e-01 3.418967060916677236e-01 2.648051847990707253e-01 2.342005019878362349e-01 4.178313738676987521e-01 3.679067131985220840e-01 2.168672871669846403e-01 2.976709576034299864e-01 3.902695712368792758e-01 3.417821688890516074e-01 1.993284815114612640e-01 2.964655392047449989e-01 3.201760717921702804e-01 3.433448637696370209e-01 2.836841768484584247e-01 3.326177801226603559e-01 2.482202081164111840e-01 1.222656352004135860e-01 7.805619144156795974e-02 6.436392830920074914e-02 2.052167902570618541e-01 1.475816734312106748e-01 1.902134030322716329e-01 3.062646282123405173e-01 3.221808686908331221e-01 3.876479869194600081e-01 2.559870591677797513e-01 1.978612468487259968e-01 2.291750367096586638e-01 7.982891218275128820e-02 7.535207251251481442e-02 1.451538436092760231e-01 8.578841213921545306e-02 2.646297003101518164e-01
2.357715556283862535e-01 1.592931127971672634e-01 8.140188546851084839e-02 1.222851322377906391e-01 3.128245835207066339e-01 3.611676575301261405e-01 4.631624065599849738e-01 4.312828999782115647e-01 3.452143969553236880e-01 3.553799206178545611e-01 3.370615509001870791e-01 2.397356984334027830e-01 3.845452348408535670e-01 1.000000000000000000e+00 3.891764606305755936e-01 3.213677610461259104e-01 4.842616979777145669e-01 4.003667479424391495e-01 4.122221695403526787e-01 4.962439295217654922e-01 3.526327993545808615e-01 3.722907107032918939e-01 3.212005953578374040e-01 3.585492069993034825e-01 2.711460330802547003e-01 1.593825570393448410e-01 6.863793656485132899e-02 5.124742801283951876e-02 2.895024611718443053e-01 2.729986420352545906e-01 2.695704560445298381e-01 3.028166067167132880e-01 3.262899435698698447e-01 4.221343884046077077e-01 3.055728398033795701e-01 2.197184844513790924e-01 2.399879694516469097e-01 8.515104600019654524e-02 7.697603057307955687e-02 1.790124276240580015e-01 4.900442366649902098e-02 2.528669491320428842e-01 9.438643488192827169e-02 5.327389777750662914e-02 9.398256972049834346e-02 1.797852772662976717e-01 2.599305051907713771e-01 4.204702011956557572e-01 3.236263649499658279e-01 2.628767978220845625e-01 3.486633970945430816e-01 3.269921331486043692e-01 2.486994293594072536e-01 3.864930694136521905e-01 5.224639080775580480e-01 3.572038558377764739e-01 3.394526204055780538e-01 4.598094342702679915e-01 4.059433460775142555e-01 3.270437038129956897e-01 4.544115796870721313e-01 3.645508001865370717e-01 3.743427490882285102e-01 3.401093795390266461e-01 3.716533288875521479e-01 2.760596251151884450e-01 1.552190840253916959e-01 8.903322778746196320e-02 6.813398279902295462e-02 2.561559963199140366e-01 2.212420255305230510e-01 2.086624222508484394e-01 3.323692656300321624e-01 3.574763611163938037e-01 3.882770275392354309e-01 2.998013260450256845e-01 2.030274910574824121e-01 2.256029517872290557e-01 7.850293280990243427e-02 8.368897965702712383e-02 1.826469117889110982e-01 8.357282438760511856e-02 3.148898141520963256e-01
2.136808664610456432e-01 1.791315106529062506e-01 2.096087838878565868e-01 3.399487212229039268e-01 1.680327257981966138e-01 1.509309970847369509e-01 3.232522481842910467e-01 4.668881790145174571e-01 3.753620336582716432e-01 2.430942518126659735e-01 2.702479454719504126e-01 2.802312600824570787e-01 2.393945603713348858e-01 3.891764606305755936e-01 1.000000000000000000e+00 3.063632177684828539e-01 2.485915312439526959e-01 3.474909253494118944e-01 5.622810958385843216e-01 6.832763751743474723e-01 3.878244560954680620e-01 3.986907675947777840e-01 3.271112527546483073e-01 4.068785074700509985e-01 3.251877998747097487e-01 2.864963970652653069e-01 8.121996806139721026e-02 1.304176271886868799e-01 2.917343192950191400e-01 4.365497784378953861e-01 2.603196403683771254e-01 3.261041514887732529e-01 2.867716619201481354e-01 2.423040396911083916e-01 2.607488217467956448e-01 1.824094352146900522e-01 1.537065631348867867e-01 5.908246107146609277e-02 1.189444485393741646e-01 3.087325506062860714e-01 8.306156138320598681e-02 2.278296079252348227e-01 1.525676650328523232e-01 1.833479753713908866e-01 3.124188393339255576e-01 1.462795922852449804e-01 1.701109378790499616e-01 3.207607209611358368e-01 4.240421299704781322e-01 3.739981658699463862e-01 2.547454908713177035e-01 2.952293133058633834e-01 3.193544108847419793e-01 2.563139549898901803e-01 4.346521553781513836e-01 6.264023447614072149e-01 3.208817725058519810e-01 2.726117418009004756e-01 3.545732862900549121e-01 5.510141245478884509e-01 6.767508798474168863e-01 3.977574823417268646e-01 4.015230470306384025e-01 3.443853538655649582e-01 4.167526274566749622e-01 3.210881588480749560e-01 2.914597043561581446e-01 9.687015327025631783e-02 1.288190993652419958e-01 2.777703556589117273e-01 3.981089088489096484e-01 2.476260022693837770e-01 3.395183202352359819e-01 3.119282736112777843e-01 2.491744090857153926e-01 2.608405703234164541e-01 1.795262470067231220e-01 1.497295863102184044e-01 5.383869945633518866e-02 1.359221026986271175e-01 3.095248210170197800e-01 1.145857489500494153e-01 3.153339114055850878e-01
2.062977193016012900e-01 1.376514998398271072e-01 1.162399576986706540e-01 1.718762345348662790e-01 2.675500301380327461e-01 3.373518019777249077e-01 2.445408291368300069e-01 3.899400792999600518e-01 2.676513270700768277e-01 8.223191401659671884e-01 6.404625389317706308e-01 1.002140807052597504e-01 2.862745197679295583e-01 3.213677610461259104e-01 3.063632177684828539e-01 1.000000000000000000e+00 5.990371109079087875e-01 5.979674658742781812e-01 3.615461607121764342e-01 3.913596369558184906e-01 5.309656584016316794e-01 4.198622376117966959e-01 4.491069564214278942e-01 5.406534697152461932e-01 4.889701553066369555e-01 2.310045076394215968e-01 9.247015220738261099e-02 1.266901345637518050e-01 3.770991619507468307e-01 3.206392755139960138e-01 4.788030370665919411e-01 6.086844833307250013e-01 4.772526293890416160e-01 5.296692491099039835e-01 2.165439445630726045e-01 1.071798999595067331e-01 1.815623088236122673e-01 6.678295267530823254e-02 6.797337549843011917e-02 3.065752767308830284e-01 2.021209977721800666e-01 2.346201206327198363e-01 1.847532715390558800e-01 1.253938981630658700e-01 2.143825717772541717e-01 2.791166183333875228e-01 3.719799008051600242e-01 3.130956480325403635e-01 4.379953608047780222e-01 3.194833384443762636e-01 7.729097556104269628e-01 6.375459083826531259e-01 1.475380073418866289e-01 3.313734542099741054e-01 3.362232117554326827e-01 2.964011452353959575e-01 8.738758306963645417e-01 5.197710362076781720e-01 5.881744816443410517e-01 3.638225219580354386e-01 3.740683914348427730e-01 5.423700154513989569e-01 4.393727874682086254e-01 4.396591835604924947e-01 5.351447021945301419e-01 4.675146695404292507e-01 2.104220931379000292e-01 1.167405467440879585e-01 1.489265634784376346e-01 3.577364907960389195e-01 3.571544113533707820e-01 4.326493428401335106e-01 6.142309592880287328e-01 4.895354396235618299e-01 4.983230824032159889e-01 2.320737718038564656e-01 1.207458067016889680e-01 1.680946796454684533e-01 5.569306150129217647e-02 8.279182682628719037e-02 3.074826753027989357e-01 2.238584282606345954e-01 2.852322802174623861e-01
2.946728868917694588e-01 2.178283946570690188e-01 4.515186340435662499e-02 3.445082599708998439e-02 5.154946182843079816e-01 6.397327118515506728e-01 5.488181153252850164e-01 4.627715379313919741e-01 4.368023934718179291e-01 7.026471282110353656e-01 4.957442138202569626e-01 1.205223272389828598e-01 4.295470552329158087e-01 4.842616979777145669e-01 2.485915312439526959e-01 5.990371109079087875e-01 1.000000000000000000e+00 6.573027843354172228e-01 4.592385977249076601e-01 4.198772584901779292e-01 4.603789673985232422e-01 4.383385925043249420e-01 4.132004754860063023e-01 4.877308254755669537e-01 4.360405234361443561e-01 1.839390087766647752e-01 8.757455709628500506e-02 6.346704961326002370e-02 4.706152426766203600e-01 3.065973444646997170e-01 4.712898914754643509e-01 4.945990097086233606e-01 4.432196913545816130e-01 6.543854937386662796e-01 2.977163726779334940e-01 2.044336051519066721e-01 2.861109408023697620e-01 9.612361456231431622e-02 4.051877951032423208e-02 1.985760370689966803e-01 1.200526967059476063e-01 2.932497350413069692e-01 1.461822489469119801e-01 2.545663774949375249e-02 3.329226794768937875e-02 3.225830694515078867e-01 4.651929704111681385e-01 4.974391625265214834e-01 3.486037647821506602e-01 3.173583450095724956e-01 6.582873848308012921e-01 4.832775214669141062e-01 1.278708802866496130e-01 4.447099809368862955e-01 4.389879143647605342e-01 2.051142029424541935e-01 5.896288322733234111e-01 7.796323180530717600e-01 6.436294155748952805e-01 3.236624037409441823e-01 3.419185595759180463e-01 4.735017846130768482e-01 4.493548752715498806e-01 4.226308802130808173e-01 4.930957871529843550e-01 4.286660956245447185e-01 1.573267066765282884e-01 1.132093324144767266e-01 9.052994326046422124e-02 4.045503512565297166e-01 2.515669543992574697e-01 3.561367558103638586e-01 5.178793615512945481e-01 4.667319540045760662e-01 5.690411046110792626e-01 3.070359179043379294e-01 1.908360649577916512e-01 2.602901042239781915e-01 8.457345627181021841e-02 4.918313163433540858e-02 1.876414696381450142e-01 1.515533584600885775e-01 3.362336704037434121e-01
2.345956383682420709e-01 1.405120029247017566e-01 8.713846481402548472e-02 1.010371357543415061e-01 3.310523015496447119e-01 4.265369067105218015e-01 4.306773517330469980e-01 3.832683886035461174e-01 4.018382086192196501e-01 6.445287918553047612e-01 5.020590860983838999e-01 1.009930537979648046e-01 3.367470446935833528e-01 4.003667479424391495e-01 3.474909253494118944e-01 5.979674658742781812e-01 6.573027843354172228e-01 1.000000000000000000e+00 5.320991293998734717e-01 5.243477069534011603e-01 6.919882903734582147e-01 5.878960543788157578e-01 6.407846828526421179e-01 7.053351774343628033e-01 6.250578746999350122e-01 2.637082176929867461e-01 8.875233616660800628e-02 8.292606019406882634e-02 5.109698169003989987e-01 3.052833184860881399e-01 4.073472088186246842e-01 4.467775024891998958e-01 3.709762046062765051e-01 4.773592695535647246e-01 2.576541200131237663e-01 1.581128284863287103e-01 2.047334849506362853e-01 7.620861690434244107e-02 5.627908049714058780e-02 2.491949982144980313e-01 1.270966779641367894e-01 2.551186402674630038e-01 1.414891742825028220e-01 7.220117786461616172e-02 1.186221912690624269e-01 2.606561099911367529e-01 3.712195588890327969e-01 4.323378803897895972e-01 3.541924197252295237e-01 3.508302634608355119e-01 6.162337326933773340e-01 5.019433844901109998e-01 1.285795937257130928e-01 3.609051095412864618e-01 3.899362712164003986e-01 2.989534987633526986e-01 5.925006276521341819e-01 5.783634743136547574e-01 8.958624992205861393e-01 4.628736749320370714e-01 4.516953528405300289e-01 6.923623890588548324e-01 5.893145722313103407e-01 6.360393801608522635e-01 6.894921372831336326e-01 6.000435748926689072e-01 2.258962501484425567e-01 1.180346499084548861e-01 1.257983317825573655e-01 4.600335058357675755e-01 2.922815660640170066e-01 3.546581619976233446e-01 4.851489914785385715e-01 3.953245057869496648e-01 4.446451453533931120e-01 2.682183319981399916e-01 1.597607748543909134e-01 1.905316508259621844e-01 5.631096756564987066e-02 6.446322781917256106e-02 2.456744733736361541e-01 1.600649928735980720e-01 3.176789503155268424e-01
3.265489708298662808e-01 4.412214769463003727e-01 2.597763529146930317e-01 2.976048167536278766e-01 3.963767331331110033e-01 4.021121246280300876e-01 6.241603810019568099e-01 6.631102288543602175e-01 7.337026403021320586e-01 3.436858790820006004e-01 3.081689562811744110e-01 2.301039155015230930e-01 2.551326090700549720e-01 4.122221695403526787e-01 5.622810958385843216e-01 3.615461607121764342e-01 4.592385977249076601e-01 5.320991293998734717e-01 1.000000000000000000e+00 7.274232467288692661e-01 3.997784841270580203e-01 4.049595754242265033e-01 4.116666055808470004e-01 4.456028843577010123e-01 4.667137596381350506e-01 3.098443440385457159e-01 1.062454513515717763e-01 1.611469819170462114e-01 5.462664069393604604e-01 6.905296511710788954e-01 4.348096186832322019e-01 4.223564308750641927e-01 3.055413602381464866e-01 3.094112047060773030e-01 2.723623998498575505e-01 2.316289844847671531e-01 1.858406311913615439e-01 5.989738267569674063e-02 8.454853607208437372e-02 3.108352326401650489e-01 1.085994513271840989e-01 2.975889599385597162e-01 2.930218643796012601e-01 1.687954474109130687e-01 2.417137829156344175e-01 2.860935637506722418e-01 3.350053105543333021e-01 5.029133964509145960e-01 4.887328407038671330e-01 5.910269996709127671e-01 3.513285850845365710e-01 3.381040812410582852e-01 2.425153725991227305e-01 2.511090602889067269e-01 4.329712561392990988e-01 5.260060309432055270e-01 3.736198813116851092e-01 4.910968753742466775e-01 5.226699034825873502e-01 7.682599968382941569e-01 6.615057608098895425e-01 4.100745221308518262e-01 4.123041079524309982e-01 4.319203835675681225e-01 4.583972258153503065e-01 4.538002838328187849e-01 2.973485747630317810e-01 1.220731938567225505e-01 1.536717647478915982e-01 4.764989551458544415e-01 5.420152677798401042e-01 3.761117417352587422e-01 4.189194263650793948e-01 3.311927883574971587e-01 2.953756487020861021e-01 2.657716108458565429e-01 2.096516708317451572e-01 1.747352408347616903e-01 5.410718706895275426e-02 1.065652606656064261e-01 3.031674300494332508e-01 1.392487946473495442e-01 3.608854260353394627e-01
