1.000000000000000000e+00 1.772537107583052052e-01 2.787758702161984292e-01 1.229749556307374453e-01 1.612768880789712256e-01 1.169006723867036246e-01 3.543415081912022480e-01 3.022826644753516812e-01 2.290702161531983638e-01 2.130313484297955140e-01 2.847427937376378893e-01 2.879763062194962142e-01 2.495498861866580764e-01 1.592829424515689318e-01 2.402053222953832723e-01 1.861855384207072861e-01 1.985398925959645233e-01 1.539312864208085552e-01 1.611061251960047291e-01 1.647417395190814149e-01 1.934332288909013098e-01 1.895917328211299546e-01 1.772026231261754070e-01 1.787145530704774832e-01 1.692942631607598780e-01 2.403310701424355711e-01 2.055580731281686779e-01 1.577003751372441365e-01 1.554334133051001876e-01 1.695139922532928056e-01 2.417002048617843402e-01 1.759641587259587470e-01 2.162355325893071112e-01 2.018617437058100317e-01 2.023489032831522760e-01 1.667826627411399254e-01 1.964324906650499192e-01 1.468385582827284042e-01 1.712936904776929115e-01 1.499019465475208979e-01 1.832011243669424694e-01 1.733530405846530897e-01 1.832367334350361587e-01 1.422549915457654301e-01 1.107069341145229674e-01 6.575480044594290974e-02 1.137579390541104268e-01 1.624386155657938924e-01 1.745967142228884994e-01 2.769325920662550344e-01 2.146785248139883584e-01 2.455008074140241914e-01 2.283858374878569020e-01 2.275437030396356142e-01 1.901608072396984983e-01 1.859883708717468553e-01 2.674664139441990107e-01 1.360826314987154395e-01 1.379191628627681188e-01 1.426505813388233013e-01 4.533310395614170013e-02 5.937399821982118631e-02 1.366065807885075700e-01 8.225609160266335318e-02 2.683014594262181363e-01 9.379347631696106913e-02 1.856576057932587120e-01 8.772535784010501714e-02 1.272244866163778632e-01 2.577585470510923571e-01 2.628699179049696633e-01 1.808347844896817380e-01 1.768481774593415601e-01 1.571927310791940147e-01 2.256732286473139559e-01 2.447802038269740188e-01 1.788224242551589849e-01 2.085465418787627867e-01 2.071464776067480917e-01 1.445831327933304877e-01 1.548231157918153744e-01 1.877965597198310022e-01 1.838505655926605253e-01 1.670606645455061934e-01 1.731123942182031528e-01 1.866717570688940231e-01 2.034477844059511265e-01 1.760964706386963230e-01 1.613789867373522091e-01 1.576046365538889271e-01 1.859649650150799194e-01 1.911976497026789124e-01 2.411516490840340809e-01 1.503669946744533581e-01 1.574020241442019297e-01 1.696913352336659464e-01 2.004740666462794529e-01 1.833550112672454879e-01 2.058196691633153719e-01 1.868161656704625528e-01 1.763768530901857479e-01 2.004908061443445022e-01 1.736772044741907439e-01 1.810213634650398029e-01 1.934962625714109208e-01 1.830779825691107587e-01 1.927484944414545043e-01 1.349657908349609359e-01 1.065110812953091457e-01 6.576387188243387749e-02 7.747104340710382619e-02 1.264491196220236258e-01 1.607512266592080741e-01 2.300426754757375902e-01 2.031691420695975192e-01 2.153977491183080850e-01 2.228600765924708960e-01 2.352814696878633982e-01 2.021365457578295777e-01 1.879563240045961647e-01 1.938304760063821186e-01 1.368695079113828039e-01 1.322639197755371143e-01 1.203952964738713022e-01 4.286398271413980471e-02 6.550640433262670814e-02 1.320474175339184097e-01 8.925688020656344368e-02 1.712023640061403063e-01
1.772537107583052052e-01 1.000000000000000000e+00 2.559435125032605285e-01 8.237643591111853958e-02 1.241604119454458588e-01 6.103714960136742695e-02 2.404301519161930745e-01 2.376021415589378849e-01 3.093669787191710707e-01 2.808599882714147844e-01 1.454976760405611858e-01 2.087185919941757783e-01 1.519618179055778062e-01 1.733808733440717897e-01 2.818986308250459039e-01 1.604534745894556913e-01 1.427845627862184552e-01 1.136675761889584524e-01 1.165884324732752997e-01 1.066585462096604903e-01 1.455089953303714267e-01 1.856084885186790601e-01 1.592989776907727251e-01 1.191761338981894847e-01 1.241643249900954704e-01 2.532269062847910535e-01 1.734522711330664935e-01 1.661777458752985437e-01 2.042972081922709016e-01 1.715818704614360535e-01 2.460311070822716328e-01 2.346505478912241649e-01 1.693914341729325090e-01 1.501015585116116102e-01 1.998042144790245500e-01 1.374662576503232481e-01 1.730792155437949620e-01 1.473100730400589142e-01 1.535756860359745735e-01 1.112580933405296346e-01 1.597690695687053464e-01 1.318122129542055876e-01 1.482710609923851841e-01 1.363805827504507573e-01 1.011029930719029302e-01 5.770544435571976771e-02 5.164332780032981907e-02 9.583796777277696355e-02 2.573305174629897385e-01 2.517427726098809826e-01 9.018712174931368952e-02 1.245338045126210824e-01 1.438987139069924925e-01 1.050358054376569900e-01 1.444033960144411599e-01 1.459978390035089058e-01 1.964012225471585271e-01 1.414041194553215530e-01 1.353987106044354793e-01 1.334798002053274035e-01 4.319280702580075709e-02 4.448886622254678153e-02 1.222838801547673632e-01 5.399398892574369668e-02 1.501061427699597883e-01 1.854294611707464902e-01 1.617129261292467590e-01 2.650109101658203528e-02 9.235061365560458257e-02 1.694759841065260342e-01 1.839723020401251297e-01 2.180551514294179205e-01 2.004080533770559447e-01 1.955681304621366967e-01 9.750184283674746821e-02 1.124949263192455418e-01 1.558271680239973200e-01 1.242144267715670214e-01 2.110309630686331706e-01 1.038601347240340478e-01 1.085004771846976995e-01 1.310442086238476911e-01 1.726295466434221992e-01 1.211980333781865482e-01 1.024700773671917975e-01 1.363327936501588233e-01 1.856567394643379443e-01 1.439816582259936528e-01 1.187756368465232859e-01 1.146823013578722877e-01 1.301137396893685683e-01 1.586800254375066443e-01 2.323917783492773226e-01 1.415118590792747433e-01 2.191065297713367388e-01 1.785201960314773961e-01 1.869985450190515541e-01 1.864823180637137645e-01 1.573744859502655691e-01 1.479163686792404064e-01 1.403284500476477958e-01 1.731106674818236324e-01 1.804678934281218616e-01 1.639857247723236766e-01 1.704088864013296178e-01 1.405146533658152008e-01 1.639445441551135585e-01 1.382270087115690660e-01 1.025342972914168455e-01 6.563524142640893289e-02 3.992658657780125131e-02 8.303614291607908093e-02 2.534557009316794063e-01 1.998021385685892215e-01 6.169886608100257075e-02 1.000798114853456849e-01 1.602700165010700617e-01 1.252946029962653252e-01 1.522756297356114563e-01 1.483794049004882043e-01 1.413565456040123680e-01 1.362640206181738312e-01 1.237299445874195936e-01 1.170482749913228093e-01 4.149591991489893356e-02 4.837292934603393962e-02 1.132052243290919968e-01 6.097849747573384771e-02 1.597144989620747912e-01
2.787758702161984292e-01 2.559435125032605285e-01 1.000000000000000000e+00 2.106511206106517764e-01 1.642748986123782617e-01 7.820737685351267232e-02 4.480291900892153234e-01 3.414458743574548261e-01 3.382967571902965043e-01 4.218745600779039151e-01 3.765015124352416587e-01 5.129120374674533966e-01 2.048041625972344126e-01 1.432008494902536344e-01 4.589009271449467353e-01 1.138948110453663343e-01 1.364359359979159525e-01 1.186513141203820038e-01 1.036724069208605215e-01 1.035005531715050553e-01 9.879821993752128939e-02 1.582283591648833421e-01 1.798141685367728448e-01 1.275746281889339195e-01 1.303657998512663119e-01 3.086431639351094325e-01 1.227998306031824610e-01 1.150561487859732834e-01 1.522310446306705811e-01 1.179100883006660577e-01 5.009193276063712563e-01 3.606356280639087530e-01 1.955897579674144848e-01 1.638853642209094630e-01 1.891119598047825145e-01 9.982858190275790966e-02 1.556012788540125646e-01 1.393159823861409852e-01 1.831597928148818721e-01 1.168700370899429519e-01 1.497204191898645897e-01 1.159628000012663529e-01 1.643646288326257865e-01 1.394542738378528601e-01 9.285024080501697030e-02 7.257787458418850368e-02 1.292596563244649832e-01 2.492800967405222057e-01 2.645002400760265160e-01 4.543190121925102520e-01 3.667643982190945673e-01 2.566742687416043167e-01 2.068140791232052911e-01 2.023347207874313658e-01 1.558861133159746282e-01 1.106174241333518216e-01 1.716688594661977263e-01 1.349563747553313986e-01 1.567101710184076180e-01 1.077736564686262444e-01 3.124596126474130098e-02 2.042959481345563155e-02 1.292809006153589069e-01 6.140673623220763849e-02 2.690783287418302416e-01 1.324970042488226585e-01 4.339601793940282004e-01 1.096788310683965706e-01 1.175235432827427262e-01 3.641408083448081645e-01 2.985376485005448721e-01 2.138525455115413976e-01 1.838774558714451890e-01 3.325925176612199996e-01 2.238977458884501837e-01 3.354077533803744848e-01 2.930678149219908546e-01 1.490598891957992111e-01 3.765356768535008669e-01 1.035750144203427120e-01 1.130793768071140515e-01 1.570338252444244964e-01 1.300398860431347670e-01 1.229361997029708720e-01 9.470555837174680913e-02 7.944881848633540689e-02 1.804105813857758145e-01 1.801742355079622993e-01 1.214624636584443890e-01 1.192394879231267746e-01 1.401703273935793193e-01 1.048596190515397319e-01 3.392733664692654805e-01 9.477360313483117193e-02 1.615259027173544804e-01 1.173550373160731491e-01 1.927097547499710406e-01 3.860448613832139775e-01 1.659995896640864277e-01 1.589773760498340016e-01 1.102705995156415403e-01 1.588243203577820728e-01 1.858273676656059803e-01 1.785614213371639891e-01 1.673820494775951906e-01 1.235672013271978259e-01 1.824394460878532853e-01 1.293224757753845267e-01 9.106340018857114749e-02 7.449113692163011891e-02 1.087361480134917957e-01 2.119353034402662594e-01 2.515819412346436690e-01 3.783836154402223650e-01 3.251407334169769126e-01 2.520002868099525672e-01 1.928831420541083641e-01 2.095693824149089668e-01 1.627295404672783607e-01 1.248125401009977098e-01 1.149557455325746352e-01 1.283294180057269473e-01 1.310722783518951384e-01 9.716236112497593502e-02 3.610749240304294422e-02 3.628678912265820289e-02 1.237446339145813756e-01 7.143715324591926041e-02 1.931664376470338396e-01
1.229749556307374453e-01 8.237643591111853958e-02 2.106511206106517764e-01 1.000000000000000000e+00 2.464762805254022970e-01 9.197384345768157277e-02 9.528334768209670291e-02 4.546495244481450065e-02 8.493455218443471400e-02 1.973460557562904394e-01 3.070539627264633475e-01 2.811961679887785559e-01 7.180848798459411875e-02 6.067560403967930255e-02 1.901944532479046546e-01 2.141712003727505587e-02 6.991632156296348488e-02 1.063858282334685657e-01 8.437806529256630661e-02 1.108415436685666888e-01 3.046804693407127035e-02 8.112669040807386767e-02 2.097793475445467459e-01 9.581487464678756227e-02 1.179352878618055017e-01 4.909840260991783778e-02 3.580111300193408036e-02 7.457245571163988174e-02 7.886875746990597291e-02 8.480171519696035054e-02 2.239588338523132716e-01 2.512501060330462055e-01 1.477284183710964593e-01 2.285648473855979301e-01 1.609954017905186330e-01 9.126806834937724322e-02 9.022553519921443221e-02 9.347880011843950898e-02 1.121341800604853250e-01 1.083700689984372773e-01 1.041167292956218515e-01 8.994054489178711365e-02 1.166303735753681237e-01 1.037054389450418751e-01 9.286786286498301124e-02 4.182436263979290997e-02 1.151061327303458670e-01 1.332503795460500406e-01 1.061209925780015051e-01 1.987568043916695393e-01 2.883391524055184951e-01 1.310790395409374698e-01 1.333752517007588123e-01 1.544914787297957393e-01 8.861517217546784064e-02 5.419050223953548323e-02 2.441063582706867741e-02 6.257241364852939025e-02 5.667370902871406851e-02 2.886587048356720198e-02 1.222560584461204226e-02 5.224599353736501806e-02 1.230991366225524936e-01 5.756519323086014411e-02 1.244166374560389116e-01 3.259818134351412378e-02 1.487168561605799189e-01 1.974182412446938706e-01 1.889065554184501117e-01 9.726754582144013506e-02 7.199787942441585042e-02 7.266362279186069917e-02 2.601986499174492942e-02 1.651965498946650901e-01 2.300174720948728602e-01 2.069723339835661813e-01 1.798585825880959499e-01 7.009287650342631293e-02 1.870139579030015431e-01 8.804045053930871501e-02 9.553761456216386394e-02 8.080278716901007074e-02 2.920999281949568024e-02 9.647956827827995629e-02 1.152763115290230816e-01 2.404938752515970932e-02 1.061951179030362347e-01 2.179346599130049522e-01 1.043252944700493040e-01 1.105188520362736238e-01 1.067806622534045596e-01 4.203821708890766867e-02 8.546223454992235569e-02 7.702629456431978050e-02 7.319935868214043351e-02 8.281582789444985604e-02 1.605189644730786180e-01 2.537591378975340706e-01 1.549423979650147720e-01 2.320373121410864159e-01 9.702743099906167845e-02 9.387029311435422796e-02 1.117609875683957393e-01 1.218580992736855717e-01 1.106373650577518186e-01 9.466332112920403108e-02 1.182402845620714599e-01 9.274946179939784485e-02 9.858089384024562585e-02 4.574974743592455373e-02 9.395246649109223469e-02 1.113698221261210930e-01 1.045521126258015104e-01 1.774194750374618046e-01 2.593157590067544094e-01 1.386723623523475890e-01 1.098175931234828678e-01 1.463073285550749447e-01 9.006869477212235686e-02 6.223486143549613464e-02 1.450117600680314936e-02 6.489965557600552160e-02 4.784519033415567807e-02 2.815709606216304853e-02 1.198941252014026210e-02 5.881013996943346145e-02 1.223837638284674123e-01 6.256497670838305492e-02 1.078083050162967627e-01
1.612768880789712256e-01 1.241604119454458588e-01 1.642748986123782617e-01 2.464762805254022970e-01 1.000000000000000000e+00 1.739694598953621940e-01 8.173259916325154029e-02 1.092516549454196177e-02 8.605647883572649370e-02 1.584872963139805357e-01 4.594067439996984969e-01 3.366420041025429688e-01 1.001183166820967668e-01 9.733452410085599582e-02 2.064369322884820612e-01 4.066206022313489238e-02 1.146174884648243353e-01 1.716266633264620645e-01 1.536113427547035892e-01 2.796043813296211211e-01 1.106459945899795905e-01 1.659192755779545503e-01 4.033931989387083417e-01 1.602762670241766885e-01 1.852359927251013283e-01 1.795235160620197931e-02 6.488545913433729773e-02 9.731706772835070629e-02 9.792619442489977621e-02 1.267854508651987400e-01 2.386916637967975707e-01 3.813034742654267117e-01 2.310262421769979924e-01 4.190975594955114736e-01 2.564905240008950038e-01 1.586243635976025690e-01 1.651806482215598393e-01 1.501487795112533830e-01 1.760187874201717684e-01 1.638297946023737628e-01 1.667526491686258383e-01 1.625793601978498537e-01 1.766045178420465878e-01 1.751855644851842697e-01 1.950673681104201918e-01 7.121530362641047274e-02 1.645963433411425925e-01 1.555751792819712875e-01 1.342285668165136836e-01 2.118251007062318114e-01 3.908303236543633208e-01 1.703564245461993976e-01 2.158084356748704302e-01 2.455129072896935216e-01 1.654457070728547197e-01 1.110436638410870896e-01 7.456102353539872940e-02 1.230439151442582757e-01 1.125195463718970529e-01 8.748377620584060765e-02 2.491528179032335283e-02 1.290174339323652553e-01 2.558080658395809892e-01 1.096193020463506751e-01 1.945247980532479326e-01 4.939639214630739406e-02 1.527892424747804012e-01 2.044873735984007179e-01 3.812272965266674252e-01 9.028642881048301594e-02 6.779090761397903175e-02 1.412872311792974511e-01 4.819937110701195959e-02 1.617411252825448065e-01 4.206383338692170071e-01 3.051077771706423025e-01 2.929181640998703706e-01 1.216706135758098134e-01 2.411665950316533857e-01 1.500234023058486521e-01 1.633855135722088459e-01 1.254508007557141314e-01 4.553417449534777339e-02 1.736978382736251159e-01 3.160404603357010456e-01 1.209203235890973643e-01 2.165483420013241955e-01 4.246165469573809359e-01 1.702439802436336858e-01 1.800190776089650724e-01 1.737149919926397890e-01 8.139178703656849145e-02 5.957653535224416430e-02 1.124785610991745899e-01 8.814900784432461167e-02 1.282193558924832055e-01 2.749093553591834826e-01 3.538745900958100155e-01 2.672387762774698916e-01 4.276744294722243378e-01 1.655378046020535010e-01 1.714734157983767437e-01 1.761340395716059770e-01 1.845214946852282989e-01 1.798202649768946004e-01 1.773038899498275700e-01 1.763724314981848784e-01 1.629430158026090592e-01 2.116150046569588716e-01 7.631396668579576437e-02 1.353202872199895102e-01 1.270000763018272749e-01 1.423082680703200709e-01 2.016765224434133863e-01 3.574255017740172180e-01 1.709688758115977536e-01 1.933688573752685713e-01 2.319582110034845990e-01 1.767897702440376917e-01 1.293186106400600888e-01 6.195728519328835143e-02 1.247469759038862674e-01 1.064301286094997551e-01 8.319167658164615398e-02 2.896052759247029831e-02 1.410118179336588284e-01 2.589670699407180532e-01 1.182073589346554904e-01 1.793266327219966705e-01
1.169006723867036246e-01 6.103714960136742695e-02 7.820737685351267232e-02 9.197384345768157277e-02 1.739694598953621940e-01 1.000000000000000000e+00 3.015499034876016268e-02 -4.340846217496131983e-03 -1.224881067508049211e-02 1.047407163848338742e-02 1.439667847384761001e-01 1.055457611240006588e-01 1.500825721350916402e-02 1.796197275633840476e-02 5.659126007488052973e-02 1.809489457633273526e-02 4.491228089186457412e-02 7.273371830170005659e-02 5.930632309768085059e-02 8.277285771268529102e-02 1.013744024935715575e-02 1.858298444144644915e-02 1.148333847172214872e-01 6.678839995994199918e-02 7.764967288657020905e-02 -2.131433712913614886e-02 1.921494286147632999e-02 3.568411492963926429e-02 3.226161504707143746e-02 3.425868248263137100e-02 5.138343047490738502e-02 1.312916932858470276e-01 8.315253848491004074e-02 1.195889556286379163e-01 4.726971368128276424e-02 4.696102053636742879e-02 3.851713639264368882e-02 3.535580736405886937e-02 4.212159627648019711e-02 5.881977772446152219e-02 4.846966398930827730e-02 5.383561625550736113e-02 6.317377429422407764e-02 8.736956740980457436e-02 8.084963340022079115e-02 3.394522195611220095e-02 8.150264512365096303e-02 6.704317160086274707e-02 5.750307725044182666e-02 7.487095923778411266e-02 1.462998149125792346e-01 6.495110237076956450e-02 8.482747095963813488e-02 1.033744405630817043e-01 5.354887750980286826e-02 4.304745092226600067e-02 6.868149844605385239e-03 1.583113740314965115e-02 8.480635535681180226e-03 1.259755636861741544e-02 2.969707869588644397e-03 5.941048314347772280e-02 1.018684593775624619e-01 5.759412798143694751e-02 7.272235263086734847e-02 1.273482693667786145e-02 9.081652608454689191e-02 8.071094346114465745e-02 1.596898754940337950e-01 5.815792902763495392e-02 3.969917862989862101e-02 2.320262606025465940e-02 -2.129759570044334471e-02 3.790108492265516216e-02 1.388316756063551483e-01 1.153303290943695769e-01 1.061727735162306951e-01 3.922452962122035397e-02 9.084676605076703881e-02 6.141264528455632477e-02 6.908151591895647647e-02 5.358692069911709377e-02 2.718212802765947525e-02 6.674714926580578578e-02 8.599436542899716041e-02 1.561774763892929269e-02 3.969526003065369096e-02 1.263146015246121578e-01 6.552333659423326129e-02 7.476953707249540948e-02 7.089308951906343748e-02 3.001327936272229352e-02 1.047839109941444899e-02 4.285204469964872670e-02 3.159070194521644559e-02 3.578528971862496993e-02 1.028136922978547807e-01 1.283758761223490752e-01 6.667515343479937795e-02 1.169798230250042870e-01 4.720415499855960817e-02 4.294391295459666635e-02 4.207086639277218126e-02 5.046751990902870189e-02 5.306280111005920452e-02 5.681257702532814535e-02 6.692338853914184260e-02 7.878659030590634549e-02 8.454964154176372593e-02 3.263459092525405891e-02 5.729673299653357393e-02 6.125745722039894342e-02 7.569477387509290778e-02 9.141997468479241828e-02 1.409242655720267523e-01 7.432029156415799476e-02 7.246254641540865460e-02 9.445584109826525576e-02 5.272297423797610988e-02 4.737886681769332142e-02 6.421485762976799141e-03 2.441624416449986873e-02 1.553649952972807786e-02 1.210778205928196224e-02 7.329942073296238751e-03 4.662046384894166090e-02 1.021707915692250113e-01 5.754200192394297309e-02 4.569538421819247659e-02
3.543415081912022480e-01 2.404301519161930745e-01 4.480291900892153234e-01 9.528334768209670291e-02 8.173259916325154029e-02 3.015499034876016268e-02 1.000000000000000000e+00 6.520317920580017690e-01 5.012468138740846513e-01 3.671469699370468187e-01 2.920910315152793757e-01 3.920744535713798218e-01 4.660034832919820458e-01 3.272586054269800426e-01 4.431877038291153204e-01 3.916639580702331869e-01 3.671654492798306357e-01 2.199189653942352496e-01 2.391695430396341138e-01 1.272144650220423390e-01 3.156733322848473411e-01 3.129630248676701920e-01 1.682772645937795908e-01 2.640199045600079009e-01 2.385842302006946081e-01 5.484843841932662833e-01 4.152815734631680189e-01 2.988799807403189623e-01 3.082341076368745880e-01 2.902363277041046796e-01 3.977475381232257745e-01 2.328841656342960920e-01 3.601522893818180360e-01 1.939081569474161715e-01 3.162147132768237112e-01 2.505076656082741438e-01 3.062891688004856783e-01 2.375030048846611674e-01 2.780805570756665346e-01 2.211613194549027772e-01 2.814981291766243121e-01 2.565356310068701573e-01 2.843424614743760293e-01 2.132609048619132086e-01 1.253606172872285818e-01 7.841059945154460475e-02 9.691234414472742198e-02 2.493025588674086801e-01 3.432011060353141740e-01 5.028137286273993700e-01 1.940148476754220697e-01 4.446145184631449809e-01 3.560653881966535095e-01 3.251355914725558849e-01 2.821507261174792114e-01 3.094787549951691918e-01 4.286531205728004723e-01 2.195620070897923992e-01 2.221551352167589477e-01 2.376597892839521775e-01 7.264011926332913927e-02 3.107911460922389846e-02 1.313933279887840311e-01 9.285483921222734138e-02 3.297432304942425341e-01 1.807062932029356028e-01 2.905641368272509628e-01 4.709125682979825589e-02 4.431806671315893092e-02 4.983316296420568503e-01 5.073886453333988911e-01 3.516967166709371595e-01 3.939767152029393649e-01 2.475424217337060251e-01 1.734325596032065264e-01 2.836888058635034238e-01 2.281946733628671398e-01 3.563057613197352924e-01 3.231370444743781878e-01 2.104503281906542067e-01 2.267026492372223034e-01 3.246279460901317915e-01 3.766591078113035729e-01 2.422390863349102863e-01 1.250210139662856212e-01 3.070415095673530992e-01 3.030506283541764545e-01 1.398242100771359131e-01 2.328316026314605214e-01 2.183258602642830504e-01 2.771655689509359144e-01 3.686372923774741128e-01 4.993013480700487228e-01 2.651890708989596557e-01 3.192405126307729102e-01 2.958251915536098120e-01 3.082786303228489677e-01 2.050136934515770781e-01 2.962385890390318854e-01 1.576007761656077755e-01 2.627733927469540487e-01 3.120842550116235126e-01 2.866191401133755257e-01 2.897365653650981754e-01 2.988469841873678257e-01 2.698198505741330466e-01 3.043391554856007541e-01 2.088061934245827866e-01 1.123261230295060781e-01 9.455785293342044984e-02 9.802377701815878641e-02 1.875297225267942292e-01 3.151415806745181958e-01 3.958988409437008693e-01 1.755395681430373112e-01 3.480361431390729399e-01 3.550325559541196441e-01 3.379796109183827446e-01 2.992560195045351201e-01 3.027604781564852687e-01 3.228240709811238118e-01 2.124534518105378189e-01 1.986980613836716314e-01 2.150722325681891645e-01 7.341565561582137633e-02 4.365234160097476723e-02 1.251518331349901203e-01 1.128228830537131439e-01 2.549226219300764207e-01
3.022826644753516812e-01 2.376021415589378849e-01 3.414458743574548261e-01 4.546495244481450065e-02 1.092516549454196177e-02 -4.340846217496131983e-03 6.520317920580017690e-01 1.000000000000000000e+00 5.895130850490911678e-01 3.963036546945907790e-01 1.687955494363254094e-01 3.268988322480723685e-01 5.438329828617028960e-01 4.465965238360206091e-01 4.835804792460779988e-01 5.399884315275400581e-01 4.659567896177015389e-01 2.759164253734063821e-01 2.983995827040276660e-01 1.013543994972045809e-01 3.693887981515558416e-01 3.605674863976059963e-01 1.503087238868849596e-01 3.346093506742636725e-01 2.963815047389956048e-01 6.482365711332060965e-01 5.344271124166357634e-01 3.945211180950251584e-01 3.981815254972094209e-01 3.607425478936781560e-01 3.949990841854238988e-01 2.238732768483007729e-01 3.847516944996404176e-01 1.812051049565240046e-01 3.686031279848727138e-01 3.015671251962366295e-01 3.397459072268925184e-01 2.449594435444691631e-01 2.804427282632625529e-01 2.588854662889655822e-01 3.196366965292071760e-01 3.037713297876298291e-01 3.189654450488275672e-01 2.121363608144065382e-01 1.287081690020687452e-01 7.060675213658262894e-02 5.127099756813839615e-02 1.899002712795074821e-01 3.993917916718264793e-01 4.796735291932374690e-01 8.176775404671894620e-02 4.229113819398491181e-01 3.850017884237172394e-01 2.913476406308629918e-01 3.175265692699009157e-01 3.877457954625982417e-01 5.059898672735942959e-01 2.389808163964038668e-01 2.325723678803579275e-01 2.741631062846410782e-01 8.200316014231623374e-02 2.091879369723272791e-02 1.272694236882385144e-01 8.618585127175974747e-02 2.633512667468689838e-01 1.978154554722859337e-01 1.883397279753654119e-01 -2.744716768409963714e-04 -1.834746227751691064e-02 3.946808519539531379e-01 5.248860401603721026e-01 4.075213236897471947e-01 4.533314412943757477e-01 2.446256231431740424e-01 7.276653418906502135e-02 1.889030611196232112e-01 1.970797657854833074e-01 4.304685783916448738e-01 3.174310570351935867e-01 2.674014395695945567e-01 2.857901201111281431e-01 3.954100924546751772e-01 5.045708867641942597e-01 2.929073727023821516e-01 8.876538981544586371e-02 3.544241022309160827e-01 3.208244922109965702e-01 1.041708420698269355e-01 2.817044386167632530e-01 2.706215010137298371e-01 3.468249802920896352e-01 4.664205266009073814e-01 5.432949707190589672e-01 3.429139409861695076e-01 4.060600429393620980e-01 3.703589765754497498e-01 3.194035129943062490e-01 1.535074650992390155e-01 3.164600843998359170e-01 1.413237790123601234e-01 3.155775570132264840e-01 3.475632772986172458e-01 2.935192992902807552e-01 3.123015101385835379e-01 3.345930319311914980e-01 3.142918751700300994e-01 3.388676829948019664e-01 2.068214459889237133e-01 1.037807898942775253e-01 8.923885831274626368e-02 6.413935425110538213e-02 1.397069001667534394e-01 3.438057735647764845e-01 3.616675782449468857e-01 6.706647815494182208e-02 3.136080358709494864e-01 4.023585342614654503e-01 3.377546733852552219e-01 3.371002452342111710e-01 3.555687046520148442e-01 3.792000883142055967e-01 2.293773501068656906e-01 2.097621368259704466e-01 2.450661197145606596e-01 7.781711115079893715e-02 2.990110226510545380e-02 1.136467035348263793e-01 1.080387490841159259e-01 2.685980872414829856e-01
2.290702161531983638e-01 3.093669787191710707e-01 3.382967571902965043e-01 8.493455218443471400e-02 8.605647883572649370e-02 -1.224881067508049211e-02 5.012468138740846513e-01 5.895130850490911678e-01 1.000000000000000000e+00 6.664468055500990529e-01 2.785547524978392864e-01 4.607859945503102739e-01 4.852349617841379970e-01 5.290640468254634854e-01 6.536743143645690202e-01 4.023975926958170413e-01 3.480568195941532994e-01 2.421526126301782877e-01 2.619103079938420731e-01 1.836981983619879188e-01 3.877435656628953620e-01 4.622035550539557724e-01 2.959161966453657255e-01 2.453859107982134247e-01 2.568173327733549449e-01 6.956578569798074207e-01 4.510602712178612972e-01 4.145538545086052684e-01 4.690718710435337058e-01 3.929592394597919425e-01 6.052844384048770010e-01 4.386849230994004922e-01 3.824181656964960041e-01 3.127674953804517322e-01 5.679634906639499103e-01 3.171391511218892290e-01 3.679464411496498055e-01 2.949652809983828172e-01 3.214357672228234653e-01 2.377672616628615510e-01 3.424576573669050328e-01 2.931939537364452453e-01 3.021209096062871247e-01 1.958779756419102569e-01 1.537417387229085830e-01 7.417667168451248794e-02 3.422572485958829541e-02 1.876432691813350873e-01 4.662094922117704932e-01 5.082191755562244229e-01 1.344679704549025523e-01 3.088475530841361394e-01 3.033606643832257310e-01 2.045199821305959675e-01 2.883799621805808178e-01 3.059599999148431282e-01 4.487563824628837961e-01 3.019223023613796242e-01 2.962263390427843923e-01 2.745124733574298981e-01 8.574047960362035647e-02 4.366281331401616894e-02 1.479262423826428197e-01 3.415029175527272559e-02 2.091809332598274507e-01 2.661092841964650124e-01 1.496495809723350501e-01 4.610219202940506016e-03 -1.293451243268750953e-02 2.650741954939642708e-01 3.833933610494895117e-01 6.205928668795858139e-01 6.125786729835054345e-01 4.197593280656770065e-01 1.340660982656812494e-01 2.030421122466357364e-01 3.147709429874031573e-01 3.681643497587709923e-01 4.231156294115941408e-01 2.328397781550616552e-01 2.391286415111542052e-01 2.917756643552829043e-01 3.886627313323643418e-01 2.666348402993030664e-01 1.572593744573153041e-01 3.621211810314779456e-01 4.230051766383303158e-01 2.384091140914556817e-01 2.585205210797503761e-01 2.388303038982049487e-01 2.716202928150234785e-01 3.892008303702972349e-01 5.826852037423516650e-01 3.593905789487094604e-01 4.869671043123269816e-01 4.123118602122872178e-01 3.656690392361150455e-01 3.127411301781041209e-01 4.384958145506912541e-01 3.128464530046091152e-01 3.320859684264773071e-01 3.699903159166748057e-01 3.607870135823667002e-01 3.376642013329370640e-01 3.602684015133672535e-01 3.123865667485402620e-01 3.191066677868815149e-01 1.971001169681599607e-01 1.368968650203763182e-01 8.918796619737498488e-02 4.069784164685592148e-02 1.317965446747230152e-01 3.964026856714514269e-01 3.622305244337539198e-01 6.908520041943010115e-02 2.145807330478509134e-01 3.415327932436928449e-01 2.506045229000566366e-01 3.108412530404635055e-01 2.986387596349888707e-01 3.347353616766521878e-01 2.859223600284984679e-01 2.583345150182940198e-01 2.495477934297141986e-01 7.837471860162742443e-02 5.039793017009673581e-02 1.343174606740518140e-01 6.360029525151429663e-02 3.296533726476741921e-01
2.130313484297955140e-01 2.808599882714147844e-01 4.218745600779039151e-01 1.973460557562904394e-01 1.584872963139805357e-01 1.047407163848338742e-02 3.671469699370468187e-01 3.963036546945907790e-01 6.664468055500990529e-01 1.000000000000000000e+00 3.684839853216970718e-01 5.154133528379971629e-01 3.190560276864535250e-01 3.423462450360981180e-01 5.998681667417308239e-01 1.881498733468271456e-01 1.763187795522407342e-01 1.395870188870272088e-01 1.526669688532548141e-01 2.085131296641851706e-01 2.568335957180519769e-01 3.759965805612851542e-01 3.043310703118458638e-01 1.405671358965980278e-01 1.576644238399553533e-01 4.987871621542940836e-01 2.302828986757483598e-01 2.355400570084507372e-01 2.961189582040688606e-01 2.574076939862700586e-01 6.466298688572420517e-01 4.547679526194842725e-01 2.482127261154433162e-01 3.046696257893731219e-01 4.747145860623012692e-01 2.095424701231213549e-01 2.599513046410708017e-01 2.382986872292585101e-01 2.709076455501907010e-01 1.572485823846044850e-01 2.377426869159802170e-01 1.818254819392917387e-01 2.015463599738010203e-01 1.133238960969798759e-01 1.046493228759833860e-01 6.416042502171180606e-02 5.385912611111285525e-02 1.907653985018848697e-01 3.327615224989224352e-01 4.607810104490389636e-01 2.504965132832478458e-01 2.284829222953776162e-01 2.223665163560190894e-01 1.508133550726798167e-01 2.099816687574862228e-01 1.658333751897062003e-01 3.025101935131681019e-01 2.510383193049707806e-01 2.627847212782456476e-01 2.018845436434568708e-01 6.334655073652031843e-02 4.837057501846249441e-02 1.204181065824834751e-01 5.031564151741810612e-03 1.828858254281559570e-01 2.186426480584043319e-01 1.715759618292926891e-01 6.535990825036833152e-02 3.084967050242905240e-02 1.859482472090974170e-01 2.347444642265387182e-01 4.279517280085785025e-01 4.467009224588775473e-01 5.022887419997917879e-01 1.875338679100627126e-01 2.163426384741725661e-01 2.913515674004106271e-01 2.085671132675877559e-01 3.839101473410621579e-01 1.314994338179223399e-01 1.372414730154819518e-01 1.597781376450417845e-01 1.834730025261890052e-01 1.652307487968924238e-01 1.674725692350237105e-01 2.204278579073759570e-01 3.541690119383792412e-01 2.658872947280169763e-01 1.705940093811621205e-01 1.457301189537722474e-01 1.613791531854980033e-01 1.920857773473670094e-01 4.275674409671126330e-01 1.985646540508371194e-01 3.064891425778729084e-01 2.614272267095009150e-01 2.432198485521857023e-01 3.785339673502337021e-01 3.397705052329462183e-01 3.180203950650989930e-01 2.226536014321982004e-01 2.590980549784254738e-01 3.000940696028822074e-01 2.687329322706480395e-01 2.551686812010070526e-01 1.968439788036078775e-01 2.137741045781183236e-01 1.109176335670088026e-01 9.427546464502585544e-02 6.856006518686187656e-02 4.382421527258440613e-02 1.363027984803014125e-01 2.654298774877313360e-01 3.127044562805911809e-01 1.613676031897617880e-01 1.726519120587177714e-01 2.389155274272219132e-01 1.797390519309042811e-01 2.270339288880382778e-01 1.744990991079066467e-01 2.091495371229452338e-01 2.321549994979175691e-01 2.181280111263252108e-01 1.797668112820036135e-01 6.124804149732943764e-02 5.033560161934911431e-02 1.092867416031500505e-01 2.419284245517571222e-02 2.872384991678024746e-01
2.847427937376378893e-01 1.454976760405611858e-01 3.765015124352416587e-01 3.070539627264633475e-01 4.594067439996984969e-01 1.439667847384761001e-01 2.920910315152793757e-01 1.687955494363254094e-01 2.785547524978392864e-01 3.684839853216970718e-01 1.000000000000000000e+00 6.279098898632580195e-01 2.550073477231070140e-01 1.789785222520308694e-01 3.865128117088892368e-01 5.753805223060452778e-02 1.346023321566205411e-01 1.700789253558986636e-01 1.621101702053519000e-01 3.510075880689611516e-01 2.084673872450614751e-01 2.625511670245023188e-01 4.367257485197943989e-01 1.664918891507878029e-01 1.807540407293419527e-01 1.760738312294929664e-01 9.385966666065258257e-02 1.085452842818390995e-01 1.123619132541964216e-01 1.386191528475214929e-01 4.729149903428046531e-01 4.519722580837389758e-01 2.751724608346831080e-01 4.545264366200716943e-01 3.534063406308211031e-01 1.661179471708764122e-01 2.091149975059833632e-01 1.812609924714943255e-01 2.306543969692893548e-01 1.739370939591557419e-01 1.956010321105643712e-01 1.736513409877560310e-01 2.055533227281787223e-01 1.766639325379484038e-01 1.800580559882403175e-01 8.585630427196003223e-02 2.046028602299336530e-01 2.811807717016984731e-01 1.638574976867050448e-01 3.752891999326266603e-01 5.553933341454275752e-01 2.882439818529303754e-01 2.665971541851464011e-01 3.100429759124576634e-01 2.093108615357249791e-01 1.302821614884094037e-01 1.583829413483255899e-01 1.896758823761034718e-01 2.006522496652189680e-01 1.409788753392487159e-01 4.024694580203387606e-02 1.164498770888185292e-01 2.460703946104914330e-01 9.790785212412576877e-02 3.069339765248530472e-01 6.773584899942580728e-02 2.743752035306293302e-01 2.355437611488830352e-01 3.315509281900680394e-01 2.234611882624351065e-01 1.831920659741492763e-01 2.533674610711503794e-01 1.960608322493797573e-01 2.944403899012648651e-01 5.968337990826479977e-01 5.201958871518992389e-01 4.219563189724743202e-01 2.009889168025415507e-01 3.643068919687085794e-01 1.554225913283452665e-01 1.645196817208038620e-01 1.556316687490421902e-01 6.800989450800162817e-02 1.865217437277298662e-01 3.729261261405311667e-01 1.946514879003559961e-01 3.128785717572428182e-01 4.578612919732782949e-01 1.803331567445444761e-01 1.761696019132417967e-01 1.871298182339269645e-01 1.012741411698210026e-01 2.174054853861362435e-01 1.177717158486148719e-01 1.016559931287135260e-01 1.361852369171737687e-01 2.946698531039331770e-01 4.609699802182789519e-01 3.512798087796344948e-01 4.672597707204723116e-01 1.813424142778983783e-01 2.137985383991447275e-01 2.238627807120691648e-01 2.268579122378461543e-01 2.136015281511702835e-01 1.924706942504203211e-01 2.079539370212031835e-01 1.619062522615769550e-01 1.960895568447675597e-01 9.017678881400077728e-02 1.656735101790738629e-01 2.155602451600094893e-01 1.534338143978599689e-01 3.131136620980462526e-01 4.952307222823644772e-01 2.638071268624541665e-01 2.386217680953348075e-01 2.966339170156168104e-01 2.269160424574754309e-01 1.588863940397379493e-01 1.262543056315836854e-01 1.857737534144201508e-01 1.794033188993160999e-01 1.338297551620761250e-01 4.869381937690540896e-02 1.405789008179459953e-01 2.482199117356637952e-01 1.111136302741027315e-01 2.538494573091124029e-01
2.879763062194962142e-01 2.087185919941757783e-01 5.129120374674533966e-01 2.811961679887785559e-01 3.366420041025429688e-01 1.055457611240006588e-01 3.920744535713798218e-01 3.268988322480723685e-01 4.607859945503102739e-01 5.154133528379971629e-01 6.279098898632580195e-01 1.000000000000000000e+00 3.325197512058109539e-01 2.824713201746738012e-01 5.997766027369529906e-01 1.163787780899937646e-01 1.679154614287526326e-01 1.740188458293157880e-01 1.550018887334008721e-01 2.630160594024357201e-01 2.099762795644004310e-01 2.935952939552778918e-01 4.003901601018481915e-01 1.671264653595143923e-01 1.816613664733652267e-01 3.390780244311270564e-01 1.353509865291127878e-01 1.588194308844808333e-01 1.925998902610471519e-01 1.625893225195050862e-01 6.465166980376869654e-01 5.526093358152117663e-01 2.806693655398855847e-01 4.065965001774264898e-01 4.039865483750815778e-01 1.643204614134705366e-01 2.296700957686946820e-01 1.824151729028420099e-01 2.385297137651778976e-01 1.545940067897560999e-01 2.081574579340084441e-01 1.711719934838269452e-01 2.050047959350768945e-01 1.660820283069615599e-01 1.639832898247993165e-01 8.478441199678320161e-02 1.641643548480684611e-01 2.865738635201576789e-01 2.686127863565855312e-01 4.921341907462224996e-01 5.167051015178694140e-01 2.995510531556241363e-01 2.622423440538127482e-01 2.638734993416674834e-01 2.143083054884933059e-01 1.386325408103222800e-01 2.014682516610738772e-01 2.179460852286040640e-01 2.413930872511354242e-01 1.604557919026255164e-01 4.604821370815920939e-02 7.640551179465514264e-02 2.125155744323062312e-01 6.361162864911941439e-02 2.952214175483708902e-01 1.173799299296316434e-01 3.322393593906735609e-01 1.808996207363386122e-01 2.224543715016678025e-01 2.926686353409811425e-01 2.827587156069271690e-01 3.574819953010027751e-01 2.797969295686194013e-01 4.014597047020612708e-01 4.431320425111592853e-01 5.102638497674445439e-01 5.035027316712662460e-01 2.412800056713159669e-01 4.964983331701341984e-01 1.614766609911157114e-01 1.679611254069371395e-01 1.887881255985249529e-01 1.381958286438062511e-01 1.822302278878734083e-01 2.680717205265800707e-01 1.829519508535288053e-01 3.257928549994744127e-01 4.018351900527987741e-01 1.833079169565490774e-01 1.748328834658380015e-01 1.926710899768227236e-01 1.271728270496912949e-01 3.653763466897834156e-01 1.479035655418246553e-01 2.009293523597623365e-01 1.703633455482791714e-01 3.031965902498111598e-01 5.379849872757436202e-01 3.547727675789275614e-01 4.204077960692841898e-01 1.813751269850300551e-01 2.353769330930570447e-01 2.462292979074359733e-01 2.316170405424034517e-01 2.301619320393627766e-01 1.905115546873477061e-01 2.174188224790751522e-01 1.566644500490993741e-01 1.714516351135416394e-01 9.144822861289837734e-02 1.358905412988665740e-01 2.261260264681412002e-01 2.514161250120003355e-01 3.900082529243026341e-01 4.434948283080387132e-01 2.731130548787594203e-01 2.490624481950743097e-01 2.739529019859587300e-01 2.325023700265289039e-01 1.627940560054996766e-01 1.540375832160607028e-01 2.111424702847367052e-01 2.133549022031691611e-01 1.498131694747902587e-01 5.296959919584207088e-02 9.882143081535736673e-02 2.117701994539801513e-01 8.419779647671725431e-02 2.818810784181698947e-01
